0 0
0 0.05
0 0.1
0 0.15
0 0.2
0 0.25
0 0.3
0.0437661 -0.00572121
0.0478204 0.0451838
0.0478204 0.0951838
0.0512033 0.144877
0.0512033 0.194877
0.0571787 0.242048
0.0571787 0.292048
0.0875323 -0.0114424
0.0915865 0.0394625
0.0956407 0.0903675
0.0990237 0.140061
0.102407 0.189754
0.108382 0.236925
0.114357 0.284096
0.129394 -0.021148
0.139023 0.0289606
0.143077 0.0798656
0.151466 0.128206
0.154849 0.177899
0.165012 0.224379
0.170987 0.27155
0.171256 -0.0308536
0.180884 0.019255
0.190513 0.0693637
0.198902 0.117704
0.207292 0.166045
0.217455 0.212524
0.227618 0.259004
0.21395 -0.0446348
0.22765 0.00413416
0.237279 0.0542428
0.249441 0.10195
0.257831 0.15029
0.271177 0.196541
0.28134 0.243021
0.256644 -0.0584161
0.270344 -0.0096471
0.284044 0.0391219
0.296207 0.0868287
0.30837 0.134535
0.321716 0.180787
0.335062 0.227038
0.300195 -0.075048
0.316478 -0.0273171
0.330178 0.0214519
0.345022 0.0686588
0.357185 0.116366
0.372845 0.16246
0.386191 0.208711
0.343746 -0.0916798
0.360029 -0.043949
0.376311 0.00378192
0.391155 0.0509888
0.405999 0.0981958
0.421659 0.14429
0.43732 0.190385
0.388083 -0.109945
0.405861 -0.0629444
0.422143 -0.0152136
0.438758 0.0315911
0.453602 0.078798
0.470787 0.124829
0.486447 0.170924
0.432419 -0.12821
0.450197 -0.0812093
0.467976 -0.034209
0.48459 0.0125956
0.501205 0.0594002
0.51839 0.105431
0.535574 0.151463
0.47746 -0.147308
0.496003 -0.100756
0.513781 -0.053756
0.531463 -0.00721585
0.548078 0.0395888
0.566152 0.0856475
0.583336 0.131679
0.522501 -0.166407
0.541044 -0.119855
0.559587 -0.0733029
0.577268 -0.0267628
0.59495 0.0197773
0.613024 0.065836
0.631099 0.111895
0.56812 -0.185806
0.58697 -0.139471
0.605513 -0.0929187
0.623767 -0.0465098
0.641449 3.02857e-05
0.659952 0.0461843
0.678027 0.092243
0.61374 -0.205204
0.632589 -0.158869
0.651439 -0.112535
0.669693 -0.0661257
0.687947 -0.0197168
0.706451 0.0264373
0.724954 0.0725913
0.659786 -0.224529
0.678695 -0.178239
0.697545 -0.131905
0.716057 -0.0855208
0.734311 -0.0391119
0.752953 0.00717482
0.771456 0.0533289
0.705833 -0.243854
0.724741 -0.197564
0.74365 -0.151275
0.762162 -0.104891
0.780675 -0.058507
0.799316 -0.0122203
0.817958 0.0340664
0.752115 -0.262865
0.771016 -0.216511
0.789925 -0.170221
0.808525 -0.123798
0.827037 -0.0774136
0.845701 -0.0310484
0.864342 0.0152383
0.798397 -0.281877
0.817298 -0.235522
0.836199 -0.189168
0.854799 -0.142744
0.873399 -0.0963201
0.892063 -0.0499549
0.910727 -0.00358972
