0 0
0 0.05
0 0.1
0 0.15
0 0.2
0 0.25
0 0.3
0.0462435 -0.00344344
0.0485742 0.047352
0.0485742 0.097352
0.0506844 0.147317
0.0506844 0.197317
0.0543472 0.245774
0.0543472 0.295774
0.092487 -0.00688688
0.0948177 0.0439086
0.0971484 0.094704
0.0992585 0.144669
0.101369 0.194635
0.105032 0.243091
0.108694 0.291548
0.13735 -0.0126174
0.143232 0.0379478
0.145562 0.0887432
0.150934 0.138026
0.153044 0.187991
0.15945 0.236109
0.163113 0.284565
0.182213 -0.0183479
0.188095 0.0322172
0.193977 0.0827824
0.199348 0.132065
0.20472 0.181348
0.211125 0.229465
0.217531 0.277583
0.227626 -0.0267317
0.236349 0.0231919
0.242231 0.073757
0.250213 0.122738
0.255585 0.172021
0.26426 0.220046
0.270665 0.268164
0.273039 -0.0351156
0.281762 0.014808
0.290485 0.0647316
0.298467 0.113712
0.30645 0.162693
0.315125 0.210719
0.3238 0.258745
0.318979 -0.0456848
0.329753 0.00366525
0.338476 0.0535888
0.34848 0.102305
0.356462 0.151286
0.366976 0.199218
0.375651 0.247243
0.364919 -0.0562539
0.375693 -0.00690393
0.386467 0.0424461
0.396471 0.0911625
0.406475 0.139879
0.416988 0.18781
0.427502 0.235742
0.411301 -0.0684099
0.423491 -0.0195522
0.434265 0.0297978
0.445759 0.0782624
0.455762 0.126979
0.467656 0.17484
0.478169 0.222771
0.457683 -0.080566
0.469873 -0.0317082
0.482062 0.0171495
0.493556 0.0656141
0.50505 0.114079
0.516944 0.16194
0.528837 0.2098
0.504491 -0.0938135
0.517584 -0.0453383
0.529774 0.00351946
0.54229 0.0517849
0.553784 0.10025
0.566614 0.148093
0.578507 0.195953
0.551299 -0.107061
0.564392 -0.0585858
0.577485 -0.0101106
0.590002 0.0381549
0.602518 0.0864203
0.615348 0.134263
0.628177 0.182107
0.598528 -0.120946
0.612118 -0.0727256
0.625212 -0.0242503
0.638358 0.0238861
0.650874 0.0721515
0.664248 0.120033
0.677077 0.167876
0.645758 -0.134831
0.659348 -0.0866107
0.672938 -0.03839
0.686084 0.00974635
0.699231 0.0578827
0.712604 0.105764
0.725977 0.153646
0.69338 -0.148937
0.707174 -0.100846
0.720765 -0.0526258
0.734236 -0.00454815
0.747382 0.0435882
0.760981 0.0915599
0.774354 0.139442
0.741003 -0.163043
0.754797 -0.114952
0.768591 -0.0668616
0.782062 -0.0187839
0.795534 0.0292937
0.809132 0.0772654
0.82273 0.125237
0.788936 -0.177005
0.802783 -0.128911
0.816577 -0.0808202
0.830162 -0.0327254
0.843633 0.0153523
0.857274 0.0634072
0.870872 0.111379
0.836869 -0.190967
0.850716 -0.142873
0.864564 -0.0947787
0.878148 -0.046684
0.891733 0.00141078
0.905373 0.0494657
0.919013 0.0975206
