0 0
0 0.05
0 0.1
0 0.15
0 0.2
0 0.25
0 0.3
0.0364177 -0.0285703
0.0473614 0.0151474
0.0473614 0.0651474
0.0536976 0.112476
0.0536976 0.162476
0.068041 0.200252
0.068041 0.250252
0.0728354 -0.0571406
0.0837791 -0.0134229
0.0947228 0.0302948
0.101059 0.0776238
0.107395 0.124953
0.121739 0.162728
0.136082 0.200504
0.110306 -0.104176
0.128658 -0.0629733
0.139601 -0.0192556
0.152206 0.0253092
0.158542 0.0726383
0.176914 0.112323
0.191257 0.150099
0.147778 -0.151211
0.166129 -0.110009
0.18448 -0.0688059
0.197085 -0.0242411
0.209689 0.0203237
0.228061 0.0600088
0.246432 0.099694
0.194642 -0.192435
0.212943 -0.150891
0.231294 -0.109688
0.244671 -0.0643826
0.257275 -0.0198178
0.2741 0.0246294
0.292471 0.0643146
0.241507 -0.233659
0.259807 -0.192115
0.278108 -0.15057
0.291485 -0.105265
0.304861 -0.0599592
0.321686 -0.015512
0.33851 0.0289352
0.298735 -0.261947
0.311932 -0.217578
0.330233 -0.176034
0.340577 -0.128753
0.353954 -0.0834469
0.365379 -0.0343736
0.382204 0.0100736
0.355963 -0.290234
0.369161 -0.245866
0.382358 -0.201498
0.392702 -0.154216
0.403046 -0.106935
0.414472 -0.0578613
0.425897 -0.00878792
0.416906 -0.302783
0.423442 -0.25536
0.43664 -0.210991
0.442606 -0.16147
0.452951 -0.114188
0.458121 -0.0625121
0.469546 -0.0134387
0.477849 -0.315331
0.484385 -0.267908
0.490921 -0.220485
0.496888 -0.170963
0.502855 -0.121441
0.508025 -0.0697655
0.513195 -0.0180895
0.535348 -0.315541
0.537003 -0.26614
0.54354 -0.218717
0.546126 -0.168157
0.552093 -0.118636
0.553677 -0.0670886
0.558848 -0.0154127
0.592847 -0.31575
0.594502 -0.266349
0.596157 -0.216948
0.598744 -0.166389
0.601331 -0.11583
0.602916 -0.0642829
0.6045 -0.0127359
0.645274 -0.312949
0.645333 -0.263138
0.646989 -0.213737
0.648056 -0.163553
0.650643 -0.112994
0.651464 -0.062612
0.653049 -0.011065
0.697702 -0.310148
0.697761 -0.260337
0.69782 -0.210526
0.698887 -0.160342
0.699954 -0.110158
0.700776 -0.0597759
0.701598 -0.00939414
0.748276 -0.309737
0.748231 -0.260039
0.74829 -0.210228
0.748787 -0.160376
0.749854 -0.110192
0.750282 -0.0600903
0.751104 -0.0097085
0.798849 -0.309325
0.798805 -0.259627
0.79876 -0.20993
0.799257 -0.160078
0.799755 -0.110226
0.800182 -0.0601246
0.80061 -0.0100229
0.849232 -0.309468
0.849061 -0.259719
0.849016 -0.210021
0.849209 -0.160104
0.849706 -0.110252
0.849904 -0.0600974
0.850332 -0.00999562
0.899616 -0.309612
0.899444 -0.259862
0.899272 -0.210112
0.899465 -0.160195
0.899658 -0.110278
0.899856 -0.060123
0.900054 -0.00996839
