0 0
0 0.05
0 0.1
0 0.15
0 0.2
0 0.25
0 0.3
0.0371938 -0.0231446
0.047593 0.0221542
0.047593 0.0721542
0.0538031 0.119716
0.0538031 0.169716
0.0675079 0.208894
0.0675079 0.258894
0.0743877 -0.0462891
0.0847868 -0.000990361
0.0951859 0.0443084
0.101396 0.0918698
0.107606 0.139431
0.121311 0.178609
0.135016 0.217787
0.111978 -0.0857719
0.130161 -0.0432993
0.14056 0.00199947
0.15361 0.0464981
0.15982 0.0940595
0.178317 0.133892
0.192022 0.17307
0.149569 -0.125255
0.167751 -0.0827821
0.185933 -0.0403095
0.198984 0.00418918
0.212034 0.0486878
0.23053 0.08852
0.249027 0.128352
0.193982 -0.163396
0.213452 -0.121761
0.231635 -0.0792886
0.246582 -0.0346381
0.259632 0.00986056
0.278152 0.05302
0.296649 0.0928522
0.238396 -0.201538
0.257866 -0.159903
0.277336 -0.118268
0.292284 -0.0736172
0.307231 -0.0289667
0.325751 0.0141927
0.344271 0.0573521
0.291506 -0.232715
0.307629 -0.189471
0.327098 -0.147836
0.340169 -0.101782
0.355117 -0.0571314
0.370034 -0.0101488
0.388554 0.0330106
0.344616 -0.263893
0.360739 -0.220649
0.376861 -0.177405
0.389932 -0.131351
0.403002 -0.0852961
0.41792 -0.0383135
0.432837 0.00866913
0.40377 -0.283385
0.414201 -0.23765
0.430323 -0.194407
0.439496 -0.146558
0.452567 -0.100503
0.46178 -0.050499
0.476697 -0.00351631
0.462924 -0.302877
0.473355 -0.257143
0.483786 -0.211408
0.492959 -0.163559
0.502132 -0.11571
0.511345 -0.065706
0.520558 -0.0157018
0.522525 -0.310333
0.527392 -0.262423
0.537824 -0.216689
0.54291 -0.167214
0.552083 -0.119365
0.555884 -0.0679493
0.565096 -0.0179451
0.582126 -0.317788
0.586994 -0.269879
0.591861 -0.221969
0.596948 -0.172495
0.602035 -0.12302
0.605835 -0.0716042
0.609635 -0.0201884
0.637995 -0.317112
0.6392 -0.267624
0.644068 -0.219714
0.646344 -0.169308
0.651431 -0.119834
0.652427 -0.0686338
0.656227 -0.0172179
0.693864 -0.316436
0.695069 -0.266948
0.696275 -0.21746
0.698551 -0.167054
0.700827 -0.116648
0.701823 -0.0654478
0.702819 -0.0142475
0.745469 -0.31374
0.745529 -0.26371
0.746734 -0.214222
0.748008 -0.163935
0.750284 -0.113529
0.751101 -0.0633107
0.752098 -0.0121104
0.797073 -0.311044
0.797133 -0.261014
0.797193 -0.210985
0.798467 -0.160698
0.799741 -0.110411
0.800558 -0.060192
0.801376 -0.0099733
0.846995 -0.310599
0.84715 -0.260771
0.84721 -0.210742
0.84846 -0.160912
0.849734 -0.110625
0.850716 -0.060793
0.851534 -0.0105743
0.896916 -0.310154
0.897071 -0.260326
0.897226 -0.210499
0.898477 -0.160669
0.899727 -0.11084
0.900709 -0.0610076
0.901691 -0.0111753
