0 0
0 0.05
0 0.1
0 0.15
0 0.2
0 0.25
0 0.3
0.0407868 -0.0120017
0.048109 0.0370649
0.048109 0.0870649
0.0531074 0.135612
0.0531074 0.185612
0.0632065 0.229213
0.0632065 0.279213
0.0815735 -0.0240033
0.0888958 0.0250632
0.0962181 0.0741297
0.101216 0.122677
0.106215 0.171224
0.116314 0.214825
0.126413 0.258427
0.121607 -0.0449427
0.136395 0.00189206
0.143717 0.0509586
0.155467 0.096868
0.160466 0.145415
0.175673 0.188284
0.185772 0.231886
0.161641 -0.0658821
0.176429 -0.0190473
0.191216 0.0277875
0.202966 0.0736969
0.214717 0.119606
0.229923 0.162475
0.24513 0.205345
0.204201 -0.0906425
0.222795 -0.0456499
0.237582 0.00118487
0.253316 0.0463765
0.265066 0.0922859
0.282954 0.135678
0.298161 0.178547
0.246761 -0.115403
0.265355 -0.0704103
0.283948 -0.0254177
0.299682 0.0197739
0.315416 0.0649655
0.333304 0.108358
0.351191 0.15175
0.292249 -0.140779
0.311913 -0.0963835
0.330507 -0.051391
0.348097 -0.00633939
0.363831 0.0388522
0.38266 0.0830799
0.400547 0.126472
0.337737 -0.166155
0.357401 -0.12176
0.377065 -0.0773642
0.394655 -0.0323126
0.412245 0.012739
0.431074 0.0569667
0.449903 0.101194
0.385773 -0.190047
0.405015 -0.145448
0.424679 -0.101053
0.442716 -0.0557627
0.460306 -0.0107111
0.478858 0.0345128
0.497687 0.0787405
0.433809 -0.21394
0.453051 -0.16934
0.472292 -0.124741
0.490329 -0.0794509
0.508366 -0.0341611
0.526918 0.0110627
0.54547 0.0562866
0.483459 -0.235395
0.501743 -0.190145
0.520985 -0.145546
0.538746 -0.099713
0.556783 -0.0544231
0.574506 -0.00828821
0.593058 0.0369356
0.533109 -0.25685
0.551393 -0.211601
0.569677 -0.166351
0.587438 -0.120518
0.605199 -0.0746851
0.622923 -0.0285502
0.640646 0.0175847
0.583114 -0.275928
0.600544 -0.229926
0.618828 -0.184676
0.63614 -0.138239
0.653901 -0.0924059
0.670854 -0.0456475
0.688577 0.000487369
0.633118 -0.295005
0.650548 -0.249003
0.667978 -0.203002
0.68529 -0.156564
0.702602 -0.110127
0.719555 -0.0633683
0.736508 -0.0166099
0.682391 -0.312637
0.699325 -0.265986
0.716755 -0.219984
0.733752 -0.173039
0.751064 -0.126602
0.767599 -0.0794661
0.784552 -0.0327078
0.731664 -0.330269
0.748598 -0.283618
0.765532 -0.236967
0.782529 -0.190022
0.799526 -0.143077
0.816061 -0.0959411
0.832596 -0.0488056
0.779697 -0.34727
0.796377 -0.300217
0.81331 -0.253566
0.830196 -0.206365
0.847193 -0.159419
0.863568 -0.112112
0.880103 -0.0649766
0.82773 -0.364271
0.844409 -0.317218
0.861089 -0.270164
0.877974 -0.222963
0.89486 -0.175762
0.911235 -0.128455
0.92761 -0.0811476
