0 0
0 0.05
0 0.1
0 0.15
0 0.2
0 0.25
0 0.3
0.0460483 -0.00360145
0.0485323 0.0472128
0.0485323 0.0972128
0.0507637 0.147151
0.0507637 0.197151
0.0546345 0.245487
0.0546345 0.295487
0.0920966 -0.00720289
0.0945805 0.0436113
0.0970645 0.0944256
0.099296 0.144364
0.101527 0.194302
0.105398 0.242637
0.109269 0.290973
0.136702 -0.0132302
0.14295 0.0373157
0.145434 0.08813
0.151115 0.137319
0.153346 0.187257
0.160116 0.235208
0.163987 0.283543
0.181307 -0.0192576
0.187555 0.0312884
0.193804 0.0818344
0.199485 0.131023
0.205165 0.180213
0.211935 0.228163
0.218705 0.276114
0.226442 -0.0281069
0.235717 0.0217375
0.241966 0.0722835
0.250427 0.121128
0.256107 0.170317
0.265297 0.218137
0.272067 0.266087
0.271577 -0.0369561
0.280853 0.0128883
0.290128 0.0627327
0.298589 0.111578
0.30705 0.160422
0.316239 0.208242
0.325429 0.256061
0.317204 -0.0481541
0.328687 0.00105648
0.337963 0.0509009
0.348597 0.0994409
0.357057 0.148286
0.368231 0.195971
0.377421 0.24379
0.362831 -0.0593521
0.374314 -0.0101415
0.385797 0.0390691
0.396431 0.0876091
0.407065 0.136149
0.418239 0.183834
0.429413 0.23152
0.408861 -0.0722917
0.421887 -0.0236315
0.43337 0.0255791
0.445621 0.0738294
0.456255 0.122369
0.468939 0.169947
0.480113 0.217632
0.45489 -0.0852314
0.467916 -0.0365711
0.480942 0.0120891
0.493194 0.0603394
0.505445 0.10859
0.518129 0.156167
0.530813 0.203744
0.501318 -0.0994137
0.515339 -0.0511903
0.528365 -0.0025301
0.541734 0.0454837
0.553986 0.093734
0.5677 0.141271
0.580384 0.188848
0.547747 -0.113596
0.561768 -0.0653727
0.575789 -0.0171493
0.589158 0.0308645
0.602527 0.0788783
0.616241 0.126415
0.629955 0.173951
0.594611 -0.128515
0.609176 -0.0805817
0.623197 -0.0323583
0.637252 0.0155088
0.650621 0.0635226
0.664922 0.111108
0.678636 0.158644
0.641474 -0.143435
0.656039 -0.0955011
0.670605 -0.0475674
0.68466 0.000299772
0.698715 0.0481669
0.713016 0.095752
0.727317 0.143337
0.688774 -0.158579
0.703553 -0.110779
0.718118 -0.0628451
0.732519 -0.0150287
0.746575 0.0328384
0.761111 0.0805357
0.775412 0.128121
0.736074 -0.173724
0.750852 -0.125923
0.765631 -0.0781228
0.780033 -0.0303064
0.794434 0.0175099
0.808971 0.0652072
0.823508 0.112904
0.783711 -0.188681
0.798539 -0.140859
0.813317 -0.093058
0.827839 -0.0452117
0.842241 0.00260466
0.856825 0.0503893
0.871362 0.0980866
0.831348 -0.203639
0.846176 -0.155816
0.861003 -0.107993
0.875525 -0.0601469
0.890047 -0.0123006
0.904631 0.0354841
0.919216 0.0832687
