0 0
0 0.05
0 0.1
0 0.15
0 0.2
0 0.25
0 0.3
0.0422244 -0.00941723
0.048383 0.0403435
0.048383 0.0903435
0.0528539 0.13916
0.0528539 0.18916
0.0615549 0.233913
0.0615549 0.283913
0.0844489 -0.0188345
0.0906074 0.0309263
0.0967659 0.080687
0.101237 0.129503
0.105708 0.178319
0.114409 0.223072
0.12311 0.267826
0.125668 -0.0351099
0.138836 0.012868
0.144995 0.0626287
0.155851 0.109068
0.160322 0.157884
0.173874 0.201765
0.182575 0.246519
0.166888 -0.0513854
0.180056 -0.00340749
0.193224 0.0445704
0.20408 0.09101
0.214937 0.13745
0.228489 0.181331
0.242041 0.225211
0.209726 -0.0716621
0.227284 -0.0254658
0.240452 0.0225121
0.255686 0.0680571
0.266543 0.114497
0.28332 0.158311
0.296872 0.202192
0.252565 -0.0919388
0.270122 -0.0457425
0.287679 0.000453786
0.302914 0.0459987
0.318148 0.0915437
0.334925 0.135358
0.351702 0.179172
0.29673 -0.114199
0.316723 -0.0690642
0.33428 -0.0228679
0.3524 0.0221108
0.367635 0.0676557
0.386605 0.111438
0.403382 0.155252
0.340895 -0.136459
0.360888 -0.0913244
0.38088 -0.0461896
0.399001 -0.00121094
0.417121 0.0437677
0.436092 0.0875497
0.455062 0.131332
0.385832 -0.159631
0.407168 -0.115105
0.42716 -0.0699701
0.447131 -0.0253816
0.465251 0.0195971
0.485681 0.0633715
0.504652 0.107153
0.430768 -0.182803
0.452104 -0.138277
0.47344 -0.0937506
0.493411 -0.0491621
0.513381 -0.0045736
0.533812 0.0392008
0.554242 0.0829752
0.476001 -0.206494
0.498102 -0.16231
0.519439 -0.117784
0.540561 -0.0734322
0.560531 -0.0288437
0.5819 0.0149718
0.602331 0.0587462
0.521234 -0.230185
0.543335 -0.186001
0.565437 -0.141817
0.586559 -0.0974653
0.607682 -0.0531138
0.629051 -0.00929835
0.65042 0.0345171
0.566485 -0.254217
0.588999 -0.210165
0.611101 -0.165981
0.632897 -0.121681
0.654019 -0.0773293
0.675899 -0.0332871
0.697268 0.0105284
0.611737 -0.278248
0.634251 -0.234197
0.656764 -0.190145
0.67856 -0.145845
0.700356 -0.101545
0.722237 -0.0575026
0.744117 -0.0134604
0.656916 -0.302222
0.679573 -0.258027
0.702086 -0.213975
0.724226 -0.169497
0.746022 -0.125197
0.768103 -0.0807637
0.789983 -0.0367214
0.702095 -0.326195
0.724752 -0.282
0.747408 -0.237806
0.769548 -0.193327
0.791688 -0.148849
0.813769 -0.104416
0.835849 -0.0599825
0.747048 -0.349493
0.769678 -0.304981
0.792334 -0.260787
0.814615 -0.216106
0.836755 -0.171627
0.858843 -0.126889
0.880923 -0.0824564
0.792 -0.372791
0.81463 -0.328279
0.83726 -0.283767
0.859541 -0.239087
0.881822 -0.194406
0.90391 -0.149668
0.925997 -0.10493
