0 0
0 0.05
0 0.1
0 0.15
0 0.2
0 0.25
0 0.3
0.0419441 -0.00996604
0.0483093 0.0396914
0.0483093 0.0896914
0.0529085 0.138451
0.0529085 0.188451
0.0618697 0.23299
0.0618697 0.28299
0.0838881 -0.0199321
0.0902534 0.0297254
0.0966186 0.0793828
0.101218 0.128143
0.105817 0.176902
0.114778 0.221441
0.123739 0.265979
0.124877 -0.0369746
0.138355 0.0108167
0.144721 0.0604741
0.155829 0.106758
0.160428 0.155518
0.174289 0.199199
0.18325 0.243738
0.165866 -0.0540172
0.179344 -0.00622585
0.192822 0.0415655
0.203931 0.0878498
0.215039 0.134134
0.2289 0.177815
0.242761 0.221496
0.208651 -0.0750041
0.226446 -0.0290457
0.239924 0.0187456
0.255366 0.06416
0.266474 0.110444
0.283432 0.154212
0.297293 0.197893
0.251436 -0.095991
0.269231 -0.0500327
0.287026 -0.00407431
0.302467 0.0413401
0.317909 0.0867545
0.334867 0.130523
0.351824 0.174291
0.295845 -0.118731
0.31584 -0.0737294
0.333635 -0.027771
0.35177 0.0172184
0.367212 0.0626328
0.386129 0.106563
0.403087 0.150331
0.340254 -0.141471
0.360249 -0.0964696
0.380244 -0.0514678
0.398379 -0.00647829
0.416515 0.0385112
0.435432 0.082441
0.45435 0.126371
0.385727 -0.16463
0.406765 -0.120056
0.42676 -0.0750544
0.446504 -0.0303275
0.46464 0.014662
0.484769 0.0587023
0.503686 0.102632
0.4312 -0.187788
0.452238 -0.143214
0.473276 -0.0986411
0.49302 -0.0539141
0.512764 -0.00918723
0.532893 0.0348531
0.553023 0.0788935
0.477126 -0.211028
0.498685 -0.166651
0.519723 -0.122077
0.540411 -0.0775007
0.560155 -0.0327738
0.581009 0.0113889
0.601138 0.0554293
0.523052 -0.234269
0.544611 -0.189891
0.566169 -0.145514
0.586858 -0.100937
0.607546 -0.0563603
0.628399 -0.0121976
0.649253 0.0319651
0.569025 -0.257568
0.590853 -0.213217
0.612411 -0.168839
0.633634 -0.124241
0.654323 -0.0796648
0.675565 -0.0352668
0.696418 0.00889591
0.614998 -0.280867
0.636826 -0.236516
0.658653 -0.192165
0.679877 -0.147567
0.7011 -0.102969
0.722342 -0.0585713
0.743583 -0.0141733
0.660768 -0.304064
0.682678 -0.259516
0.704505 -0.215165
0.726009 -0.170379
0.747232 -0.125781
0.768622 -0.0810113
0.789864 -0.0366133
0.706537 -0.327261
0.728447 -0.282713
0.750357 -0.238165
0.77186 -0.193379
0.793364 -0.148593
0.814754 -0.103823
0.836144 -0.0590533
0.751936 -0.349804
0.773799 -0.304944
0.795709 -0.260397
0.817331 -0.215411
0.838834 -0.170625
0.860207 -0.12554
0.881598 -0.0807707
0.797334 -0.372348
0.819197 -0.327488
0.841061 -0.282628
0.862682 -0.237643
0.884304 -0.192658
0.905678 -0.147573
0.927051 -0.102488
