0 0
0 0.05
0 0.1
0 0.15
0 0.2
0 0.25
0 0.3
0.0424832 -0.00891714
0.0484578 0.0409434
0.0484578 0.0909434
0.052834 0.139819
0.052834 0.189819
0.061298 0.234769
0.061298 0.284769
0.0849663 -0.0178343
0.090941 0.0320263
0.0969156 0.0818868
0.101292 0.130762
0.105668 0.179637
0.114132 0.224588
0.122596 0.269539
0.126375 -0.0333632
0.139273 0.0148055
0.145248 0.0646661
0.155931 0.111234
0.160307 0.160109
0.173597 0.20416
0.182061 0.249111
0.167783 -0.048892
0.180682 -0.000723369
0.19358 0.0474453
0.204263 0.0940133
0.214946 0.140581
0.228236 0.184633
0.241526 0.228684
0.210609 -0.0684984
0.227988 -0.0220944
0.240887 0.0260742
0.256003 0.0717091
0.266686 0.118277
0.283331 0.162124
0.296621 0.206175
0.253435 -0.0881048
0.270815 -0.0417008
0.288194 0.00470318
0.30331 0.0503381
0.318426 0.095973
0.335071 0.13982
0.351716 0.183667
0.297336 -0.109967
0.317369 -0.0647437
0.334748 -0.0183397
0.352905 0.026603
0.368021 0.0722379
0.387062 0.115883
0.403707 0.15973
0.341237 -0.13183
0.36127 -0.0866062
0.381303 -0.0413825
0.399459 0.00356018
0.417616 0.0485029
0.436656 0.0921482
0.455697 0.135793
0.385706 -0.155038
0.407332 -0.110596
0.427365 -0.0653726
0.447554 -0.0209426
0.465711 0.0240001
0.486413 0.0675179
0.505454 0.111163
0.430176 -0.178245
0.451801 -0.133804
0.473426 -0.0893626
0.493616 -0.0449327
0.513806 -0.000502706
0.534508 0.0430151
0.555211 0.0865329
0.474845 -0.20237
0.497421 -0.158396
0.519046 -0.113955
0.540544 -0.0698251
0.560734 -0.0253952
0.582522 0.0181366
0.603224 0.0616544
0.519513 -0.226494
0.542089 -0.182521
0.564665 -0.138547
0.586163 -0.0944172
0.607661 -0.0502876
0.629449 -0.00675591
0.651237 0.0367758
0.564197 -0.251155
0.587276 -0.207359
0.609852 -0.163385
0.632129 -0.119324
0.653627 -0.075194
0.676021 -0.0314348
0.697809 0.0120969
0.608881 -0.275816
0.63196 -0.23202
0.655039 -0.188224
0.677316 -0.144162
0.699593 -0.1001
0.721986 -0.0563412
0.74438 -0.012582
0.653558 -0.300425
0.676808 -0.256496
0.699887 -0.2127
0.722573 -0.168482
0.74485 -0.124421
0.767491 -0.0802676
0.789885 -0.0365083
0.698236 -0.325034
0.721486 -0.281105
0.744735 -0.237176
0.767421 -0.192958
0.790106 -0.148741
0.812748 -0.104588
0.835389 -0.0604347
0.742799 -0.34891
0.766042 -0.30468
0.789292 -0.260751
0.812144 -0.216338
0.83483 -0.172121
0.857499 -0.127669
0.88014 -0.0835158
0.787362 -0.372786
0.810605 -0.328556
0.833848 -0.284326
0.856701 -0.239913
0.879553 -0.1955
0.902222 -0.151049
0.924892 -0.106597
