0 0
0 0.05
0 0.1
0 0.15
0 0.2
0 0.25
0 0.3
0.0432071 -0.00609984
0.0477209 0.0447966
0.0477209 0.0947966
0.0514922 0.144351
0.0514922 0.194351
0.0580513 0.241102
0.0580513 0.291102
0.0864142 -0.0121997
0.090928 0.0386968
0.0954417 0.0895932
0.0992131 0.139148
0.102984 0.188702
0.109543 0.235453
0.116103 0.282204
0.127549 -0.0226237
0.138241 0.027278
0.142754 0.0781745
0.152088 0.126104
0.15586 0.175659
0.167016 0.221539
0.173575 0.26829
0.168685 -0.0330477
0.179376 0.016854
0.190067 0.0667557
0.199401 0.114686
0.208735 0.162616
0.219892 0.208496
0.231048 0.254376
0.210518 -0.0480111
0.225781 0.000300031
0.236472 0.0502018
0.250045 0.0973273
0.259379 0.145257
0.274108 0.190757
0.285265 0.236637
0.252351 -0.0629745
0.267614 -0.0146634
0.282877 0.0336478
0.29645 0.0807733
0.310022 0.127899
0.324752 0.173398
0.339481 0.218898
0.294847 -0.0812244
0.313092 -0.0341748
0.328355 0.0141364
0.345004 0.0605971
0.358576 0.107723
0.376002 0.15289
0.390732 0.19839
0.337343 -0.0994744
0.355587 -0.0524247
0.373832 -0.00537505
0.390481 0.0410857
0.407131 0.0875464
0.424557 0.132714
0.441982 0.177882
0.38043 -0.119734
0.400494 -0.0736134
0.418739 -0.0265638
0.437498 0.0193241
0.454147 0.0657848
0.473452 0.110718
0.490877 0.155886
0.423518 -0.139994
0.443582 -0.0938732
0.463646 -0.0477525
0.482405 -0.00186463
0.501164 0.0440233
0.520468 0.0889567
0.539772 0.13389
0.467155 -0.161455
0.488241 -0.11596
0.508305 -0.069839
0.528407 -0.0243713
0.547166 0.0215166
0.567657 0.0663471
0.586962 0.11128
0.510792 -0.182916
0.531878 -0.137421
0.552964 -0.0919254
0.573066 -0.0464578
0.593168 -0.000990108
0.61366 0.0438404
0.634151 0.0886708
0.554944 -0.204991
0.576519 -0.159847
0.597605 -0.114352
0.618478 -0.0691285
0.63858 -0.0236609
0.659712 0.0212038
0.680203 0.0660342
0.599097 -0.227066
0.620672 -0.181922
0.642246 -0.136778
0.663119 -0.0915547
0.683992 -0.0463316
0.705124 -0.00146699
0.726256 0.0433976
0.643708 -0.249269
0.665442 -0.204249
0.687017 -0.159105
0.708264 -0.113962
0.729138 -0.0687391
0.750523 -0.0237387
0.771654 0.0211259
0.688318 -0.271471
0.710053 -0.226452
0.731788 -0.181432
0.753035 -0.136289
0.774283 -0.0911465
0.795668 -0.0461462
0.817053 -0.00114584
0.733265 -0.293408
0.755032 -0.248328
0.776767 -0.203308
0.798151 -0.158125
0.819399 -0.112983
0.840839 -0.0678675
0.862225 -0.0228671
0.778211 -0.315345
0.799978 -0.270265
0.821746 -0.225185
0.84313 -0.180002
0.864515 -0.134819
0.885955 -0.0897035
0.907396 -0.0445884
