0 0
0 0.05
0 0.1
0 0.15
0 0.2
0 0.25
0 0.3
0.0458108 -0.00374643
0.048467 0.0471012
0.048467 0.0971012
0.0508651 0.147006
0.0508651 0.197006
0.0550006 0.245191
0.0550006 0.295191
0.0916215 -0.00749286
0.0942777 0.0433548
0.096934 0.0942024
0.099332 0.144107
0.10173 0.194012
0.105866 0.242197
0.110001 0.290383
0.135899 -0.01383
0.142581 0.0366887
0.145237 0.0875364
0.151325 0.136599
0.153723 0.186504
0.160957 0.234244
0.165093 0.28243
0.180176 -0.0201672
0.186858 0.0303516
0.19354 0.0808703
0.199629 0.129933
0.205717 0.178996
0.212951 0.226736
0.220184 0.274477
0.224982 -0.0295767
0.234901 0.0201478
0.241584 0.0706666
0.250636 0.119328
0.256724 0.16839
0.266543 0.21596
0.273777 0.2637
0.269788 -0.0389863
0.279708 0.0107383
0.289627 0.0604628
0.298679 0.109124
0.307732 0.157785
0.31755 0.205354
0.327369 0.252923
0.315092 -0.050946
0.327362 -0.00194439
0.337281 0.0477801
0.348632 0.0960868
0.357684 0.144748
0.369606 0.192151
0.379425 0.23972
0.360397 -0.0629057
0.372666 -0.0139041
0.384935 0.0350975
0.396286 0.0834042
0.407637 0.131711
0.419559 0.179114
0.431481 0.226517
0.406125 -0.0767525
0.420009 -0.0283627
0.432278 0.0206389
0.445316 0.0686267
0.456667 0.116933
0.470162 0.164221
0.482084 0.211624
0.451854 -0.0905993
0.465737 -0.0422095
0.479621 0.00618033
0.492659 0.0541681
0.505697 0.102156
0.519192 0.149444
0.532687 0.196731
0.498014 -0.105734
0.512907 -0.0578064
0.526791 -0.00941661
0.540971 0.0383271
0.554008 0.0863148
0.568555 0.133569
0.58205 0.180856
0.544174 -0.120868
0.559067 -0.0729409
0.573961 -0.0250136
0.58814 0.0227301
0.60232 0.0704738
0.616866 0.117728
0.631413 0.164981
0.590792 -0.136727
0.606216 -0.0890925
0.621109 -0.0411652
0.635972 0.00643433
0.650151 0.054178
0.665282 0.10149
0.679828 0.148744
0.637411 -0.152586
0.652834 -0.104951
0.668258 -0.0573168
0.68312 -0.00971728
0.697982 0.0378822
0.713113 0.0851943
0.728244 0.132506
0.68448 -0.168637
0.700091 -0.121121
0.715514 -0.0734863
0.730711 -0.0259286
0.745573 0.0216709
0.760929 0.0691058
0.77606 0.116418
0.731549 -0.184688
0.74716 -0.137172
0.762771 -0.0896558
0.777967 -0.0420981
0.793164 0.00545963
0.80852 0.0528945
0.823875 0.100329
0.778952 -0.200489
0.794594 -0.152932
0.810205 -0.105416
0.825517 -0.0578249
0.840714 -0.0102672
0.856112 0.0372591
0.871468 0.084694
0.826355 -0.21629
0.841997 -0.168733
0.857639 -0.121175
0.872952 -0.0735847
0.888264 -0.025994
0.903662 0.0215323
0.91906 0.0690587
