0 0
0 0.05
0 0.1
0 0.15
0 0.2
0 0.25
0 0.3
0.0466367 -0.0031449
0.048694 0.0475864
0.048694 0.0975864
0.0505435 0.147591
0.0505435 0.197591
0.0538007 0.24627
0.0538007 0.29627
0.0932733 -0.00628981
0.0953306 0.0444415
0.0973879 0.0951727
0.0992375 0.145178
0.101087 0.195183
0.104344 0.243862
0.107601 0.292541
0.138682 -0.0115088
0.143875 0.0390519
0.145933 0.0897832
0.150646 0.139229
0.152496 0.189234
0.158191 0.237653
0.161448 0.286332
0.18409 -0.0167278
0.189284 0.0338329
0.194478 0.0843937
0.199191 0.13384
0.203905 0.183286
0.2096 0.231704
0.215295 0.280123
0.230077 -0.0242995
0.237749 0.0257201
0.242943 0.0762808
0.249921 0.125497
0.254635 0.174943
0.26231 0.223327
0.268005 0.271746
0.276064 -0.0318711
0.283736 0.0181484
0.291408 0.068168
0.298387 0.117384
0.305365 0.1666
0.31304 0.214985
0.320716 0.263369
0.322642 -0.0413521
0.332054 0.00819368
0.339726 0.0582132
0.348416 0.107243
0.355395 0.156459
0.364622 0.204824
0.372297 0.253208
0.369221 -0.0508332
0.378633 -0.00128736
0.388045 0.0482585
0.396734 0.0972881
0.405424 0.146318
0.414652 0.194682
0.423879 0.243047
0.416324 -0.0616139
0.426875 -0.0124534
0.436286 0.0370924
0.44619 0.085956
0.45488 0.134986
0.465208 0.18336
0.474435 0.231725
0.463426 -0.0723947
0.473977 -0.0232342
0.484528 0.0259263
0.494432 0.0747899
0.504335 0.123654
0.514663 0.172028
0.524992 0.220403
0.511015 -0.0839685
0.52223 -0.0350849
0.532781 0.0140756
0.54347 0.0628202
0.553374 0.111684
0.564386 0.16011
0.574714 0.208485
0.558603 -0.0955423
0.569818 -0.0466587
0.581034 0.00222483
0.591723 0.0509695
0.602413 0.0997141
0.613425 0.14814
0.624437 0.196566
0.606628 -0.107454
0.618156 -0.0587296
0.629372 -0.00984608
0.64051 0.0388348
0.651199 0.0875794
0.662559 0.136086
0.673571 0.184512
0.654654 -0.119365
0.666182 -0.0706412
0.67771 -0.021917
0.688848 0.0267638
0.699986 0.0754447
0.711346 0.123951
0.722705 0.172457
0.70302 -0.131269
0.714643 -0.0826114
0.726172 -0.0338872
0.737522 0.0147731
0.74866 0.0634539
0.760141 0.112042
0.7715 0.160548
0.751386 -0.143173
0.76301 -0.094515
0.774633 -0.0458575
0.785984 0.00280287
0.797334 0.0514632
0.808815 0.100051
0.820296 0.148639
0.799957 -0.154892
0.811593 -0.106215
0.823216 -0.0575576
0.834637 -0.00888075
0.845988 0.0397796
0.857489 0.088415
0.86897 0.137003
0.848527 -0.166612
0.860163 -0.117935
0.8718 -0.0692576
0.88322 -0.0205808
0.894641 0.028096
0.906142 0.0767314
0.917643 0.125367
