0 0
0 0.05
0 0.1
0 0.15
0 0.2
0 0.25
0 0.3
0.0428773 -0.00810267
0.0485227 0.0419783
0.0485227 0.0919783
0.0528157 0.140945
0.0528157 0.190945
0.0608674 0.236218
0.0608674 0.286218
0.0857546 -0.0162053
0.0914 0.0338756
0.0970454 0.0839566
0.101338 0.132923
0.105631 0.181889
0.113683 0.227163
0.121735 0.272436
0.127371 -0.0302052
0.139892 0.0183026
0.145538 0.0683836
0.156122 0.115081
0.160415 0.164047
0.173316 0.208321
0.181368 0.253595
0.168988 -0.0442051
0.181509 0.00430278
0.19403 0.0528106
0.204614 0.0995079
0.215198 0.146205
0.228099 0.190479
0.241 0.234753
0.211645 -0.0626205
0.228912 -0.0159651
0.241433 0.0325427
0.256607 0.0782056
0.267191 0.124903
0.283687 0.16878
0.296588 0.213054
0.254303 -0.081036
0.27157 -0.0343806
0.288837 0.0122748
0.30401 0.0579377
0.319184 0.103601
0.33568 0.147478
0.352176 0.191355
0.297669 -0.102393
0.317956 -0.0571174
0.335223 -0.010462
0.353664 0.0343681
0.368838 0.080031
0.38806 0.123486
0.404556 0.167363
0.341036 -0.123751
0.361323 -0.0784748
0.381609 -0.0331988
0.40005 0.0116313
0.418491 0.0564614
0.437713 0.0999161
0.456935 0.143371
0.384746 -0.147104
0.406944 -0.102864
0.42723 -0.0575878
0.447922 -0.0134506
0.466363 0.0313795
0.487533 0.0745298
0.506755 0.117984
0.428455 -0.170457
0.450653 -0.126217
0.472852 -0.0819768
0.493543 -0.0378396
0.514235 0.00629762
0.535405 0.0494479
0.556576 0.0925981
0.472297 -0.195278
0.495653 -0.15169
0.517851 -0.10745
0.540013 -0.0636961
0.560705 -0.0195589
0.583144 0.0235702
0.604314 0.0667205
0.516139 -0.220099
0.539494 -0.176511
0.56285 -0.132923
0.585012 -0.0891692
0.607174 -0.0454154
0.629614 -0.00228629
0.652053 0.0408429
0.560072 -0.24566
0.584016 -0.202285
0.607371 -0.158696
0.63042 -0.115002
0.652582 -0.0712486
0.675752 -0.0278963
0.698191 0.0152328
0.604006 -0.271221
0.627949 -0.227846
0.651893 -0.18447
0.674941 -0.140776
0.69799 -0.0970817
0.721159 -0.0537295
0.744329 -0.0103772
0.647999 -0.296744
0.672129 -0.253238
0.696073 -0.209862
0.719588 -0.166043
0.742637 -0.122349
0.766131 -0.0786437
0.789301 -0.0352915
0.691992 -0.322267
0.716122 -0.278761
0.740253 -0.235255
0.763768 -0.191435
0.787284 -0.147615
0.810778 -0.103911
0.834273 -0.0602058
0.735989 -0.347012
0.760122 -0.303217
0.784252 -0.259711
0.807962 -0.215733
0.831477 -0.171913
0.855028 -0.127917
0.878522 -0.084212
0.779985 -0.371756
0.804119 -0.327962
0.828252 -0.284167
0.851961 -0.240189
0.875671 -0.196211
0.899221 -0.152215
0.922771 -0.108218
