0 0
0 0.05
0 0.1
0 0.15
0 0.2
0 0.25
0 0.3
0.0432377 -0.00627914
0.0479096 0.0445041
0.0479096 0.0945041
0.0517984 0.143938
0.0517984 0.193938
0.0585717 0.240429
0.0585717 0.290429
0.0864754 -0.0125583
0.0911473 0.038225
0.0958191 0.0890082
0.099708 0.138442
0.103597 0.187876
0.11037 0.234366
0.117143 0.280857
0.127738 -0.0232514
0.138755 0.0264792
0.143427 0.0772624
0.1531 0.124917
0.156989 0.174351
0.168421 0.219907
0.175194 0.266398
0.169001 -0.0339445
0.180018 0.0157861
0.191034 0.0655166
0.200707 0.113171
0.21038 0.160826
0.221812 0.206382
0.233244 0.251938
0.210854 -0.0490389
0.226677 -0.000951577
0.237693 0.048779
0.251871 0.0954987
0.261544 0.143153
0.276723 0.188205
0.288155 0.233761
0.252706 -0.0641332
0.268529 -0.016046
0.284352 0.0320413
0.29853 0.078761
0.312707 0.125481
0.327886 0.170532
0.343065 0.215584
0.29491 -0.0826309
0.314086 -0.0359541
0.329909 0.0121332
0.34751 0.0580125
0.361688 0.104732
0.3799 0.149229
0.395079 0.194281
0.337113 -0.101129
0.356289 -0.0544517
0.375466 -0.00777485
0.393067 0.0381044
0.410669 0.0839837
0.428881 0.128481
0.447093 0.172977
0.379451 -0.122156
0.400904 -0.0766484
0.420081 -0.0299715
0.44019 0.0151255
0.457792 0.0610048
0.478322 0.104999
0.496534 0.149496
0.421789 -0.143184
0.443242 -0.0976761
0.464696 -0.0521682
0.484806 -0.00707115
0.504915 0.0380259
0.525445 0.0820206
0.545975 0.126015
0.46425 -0.1661
0.487161 -0.121499
0.508615 -0.0759911
0.530445 -0.0315252
0.550554 0.0135719
0.572689 0.0572589
0.593219 0.101254
0.506712 -0.189017
0.529623 -0.144415
0.552534 -0.0998139
0.574363 -0.055348
0.596193 -0.0108821
0.618328 0.0328049
0.640463 0.0764919
0.549458 -0.213172
0.573173 -0.169152
0.596084 -0.12455
0.61897 -0.0804529
0.6408 -0.035987
0.66388 0.0076691
0.686015 0.0513561
0.592203 -0.237328
0.615919 -0.193307
0.639635 -0.149287
0.662521 -0.105189
0.685407 -0.0610918
0.708487 -0.0174357
0.731567 0.0262203
0.635412 -0.261969
0.659446 -0.218158
0.683162 -0.174137
0.706591 -0.130137
0.729477 -0.0860393
0.752978 -0.0422087
0.776058 0.00144737
0.678621 -0.28661
0.702655 -0.242799
0.726689 -0.198988
0.750118 -0.154988
0.773547 -0.110987
0.797048 -0.0671562
0.820549 -0.0233256
0.722303 -0.31097
0.746419 -0.26707
0.770454 -0.223259
0.794092 -0.179186
0.81752 -0.135185
0.841128 -0.0911828
0.864629 -0.0473522
0.765985 -0.33533
0.790101 -0.29143
0.814218 -0.24753
0.837856 -0.203457
0.861494 -0.159384
0.885102 -0.115382
0.908709 -0.0713789
