0 0
0 0.05
0 0.1
0 0.15
0 0.2
0 0.25
0 0.3
0.0385233 -0.0178754
0.0478227 0.0292241
0.0478227 0.0792241
0.0536007 0.127186
0.0536007 0.177186
0.066029 0.218259
0.066029 0.268259
0.0770466 -0.0357509
0.086346 0.0113486
0.0956453 0.0584481
0.101423 0.106411
0.107201 0.154373
0.11963 0.195445
0.132058 0.236517
0.115437 -0.0667994
0.13262 -0.0225087
0.141919 0.0245908
0.154742 0.0695076
0.16052 0.11747
0.178203 0.158264
0.190631 0.199336
0.153827 -0.097848
0.17101 -0.0535573
0.188193 -0.00926657
0.201016 0.0356502
0.213839 0.080567
0.231522 0.121361
0.249205 0.162155
0.196747 -0.130941
0.216473 -0.0882935
0.233656 -0.0440027
0.249413 0.00058506
0.262236 0.0455019
0.281377 0.08817
0.29906 0.128964
0.239668 -0.164034
0.259394 -0.121386
0.279119 -0.0787389
0.294876 -0.0341511
0.310634 0.0104367
0.329775 0.0531048
0.348916 0.0957729
0.288714 -0.194833
0.306981 -0.151798
0.326707 -0.109151
0.34205 -0.0637854
0.357807 -0.0191976
0.375362 0.0261764
0.394504 0.0688445
0.33776 -0.225632
0.356027 -0.182597
0.374294 -0.139562
0.389637 -0.094197
0.404981 -0.0488319
0.422536 -0.00345789
0.440091 0.0419161
0.392549 -0.250109
0.40688 -0.205509
0.425147 -0.162473
0.437775 -0.115743
0.453119 -0.0703778
0.466801 -0.0222598
0.484356 0.0231142
0.447338 -0.274587
0.461669 -0.229986
0.476001 -0.185385
0.488629 -0.138654
0.501256 -0.0919237
0.514938 -0.0438057
0.528621 0.00431236
0.505485 -0.290248
0.514864 -0.243861
0.529196 -0.19926
0.537983 -0.151121
0.55061 -0.104391
0.559284 -0.0542634
0.572966 -0.00614534
0.563631 -0.305909
0.573011 -0.259522
0.582391 -0.213135
0.591178 -0.164996
0.599964 -0.116858
0.608638 -0.0667303
0.617312 -0.016603
0.621862 -0.312628
0.626661 -0.264669
0.636041 -0.218282
0.641033 -0.168988
0.64982 -0.120849
0.653877 -0.0697952
0.662551 -0.0196679
0.680093 -0.319348
0.684892 -0.271389
0.68969 -0.223429
0.694683 -0.174135
0.699675 -0.124841
0.703733 -0.0737868
0.70779 -0.0227327
0.735565 -0.319956
0.737302 -0.270773
0.742101 -0.222814
0.744387 -0.172783
0.749379 -0.123489
0.750753 -0.0725032
0.75481 -0.0214491
0.791036 -0.320564
0.792774 -0.271381
0.794512 -0.222198
0.796798 -0.172168
0.799083 -0.122137
0.800457 -0.0711514
0.80183 -0.0201654
0.842943 -0.320061
0.843489 -0.270462
0.845226 -0.221279
0.846412 -0.171041
0.848698 -0.12101
0.849559 -0.0705149
0.850932 -0.0195289
0.894851 -0.319557
0.895396 -0.269959
0.895941 -0.22036
0.897126 -0.170122
0.898312 -0.119883
0.899173 -0.0693879
0.900034 -0.0188925
