0 0
0 0.05
0 0.1
0 0.15
0 0.2
0 0.25
0 0.3
0.0470053 -0.0029168
0.0488361 0.0477307
0.0488361 0.0977307
0.0504657 0.147748
0.0504657 0.197748
0.0533976 0.246581
0.0533976 0.296581
0.0940107 -0.0058336
0.0958415 0.0448139
0.0976723 0.0954613
0.0993018 0.145478
0.100931 0.195496
0.103863 0.244329
0.106795 0.293163
0.139972 -0.0106512
0.144566 0.0398568
0.146397 0.0905042
0.150551 0.140048
0.15218 0.190065
0.157254 0.238709
0.160186 0.287543
0.185933 -0.0154687
0.190528 0.0350392
0.195122 0.0855471
0.199276 0.135091
0.203429 0.184634
0.208504 0.233278
0.213578 0.281923
0.23252 -0.022311
0.239244 0.0277455
0.243838 0.0782534
0.249944 0.127628
0.254098 0.177172
0.26085 0.225845
0.265924 0.274489
0.279106 -0.0291533
0.28583 0.0209032
0.292554 0.0709597
0.29866 0.120334
0.304766 0.169709
0.311518 0.218382
0.31827 0.267055
0.326321 -0.0375427
0.334486 0.0121431
0.34121 0.0621996
0.348752 0.111454
0.354858 0.160829
0.36288 0.209544
0.369632 0.258217
0.373536 -0.0459321
0.381701 0.00375375
0.389866 0.0534396
0.397408 0.102694
0.404951 0.151948
0.412972 0.200663
0.420993 0.249379
0.421278 -0.0553004
0.430352 -0.00590294
0.438517 0.0437829
0.447051 0.0929328
0.454594 0.142187
0.463487 0.190956
0.471509 0.239671
0.46902 -0.0646687
0.478094 -0.0152712
0.487167 0.0341262
0.495702 0.0832761
0.504237 0.132426
0.51313 0.181195
0.522024 0.229964
0.517212 -0.0745934
0.526795 -0.0253952
0.535869 0.0240022
0.54503 0.0730821
0.553565 0.122232
0.562983 0.171074
0.571876 0.219843
0.565403 -0.084518
0.574987 -0.0353199
0.58457 0.0138782
0.593732 0.0629581
0.602893 0.112038
0.612311 0.16088
0.621729 0.209722
0.613963 -0.094646
0.623776 -0.0455592
0.63336 0.00363892
0.642869 0.0526858
0.652031 0.101766
0.661704 0.150689
0.671121 0.199531
0.662523 -0.104774
0.672336 -0.0556871
0.682149 -0.00660033
0.691658 0.0424466
0.701168 0.0914935
0.710841 0.140417
0.720514 0.18934
0.71135 -0.11486
0.721225 -0.0658169
0.731038 -0.0167301
0.740706 0.0323123
0.750216 0.0813593
0.75997 0.130353
0.769643 0.179276
0.760176 -0.124946
0.770052 -0.0759028
0.779927 -0.0268599
0.789595 0.0221826
0.799263 0.071225
0.809018 0.120219
0.818773 0.169213
0.809151 -0.134874
0.819031 -0.0858148
0.828906 -0.0367719
0.838623 0.012289
0.848291 0.0613315
0.858062 0.11036
0.867816 0.159354
0.858126 -0.144803
0.868006 -0.0957435
0.877885 -0.0466839
0.887602 0.00237699
0.897319 0.0514379
0.90709 0.100466
0.91686 0.149495
