0 0
0 0.05
0 0.1
0 0.15
0 0.2
0 0.25
0 0.3
0.0394582 -0.0150827
0.0479314 0.0329891
0.0479314 0.0829891
0.0534174 0.131199
0.0534174 0.181199
0.0649312 0.223404
0.0649312 0.273404
0.0789164 -0.0301654
0.0873896 0.0179064
0.0958628 0.0659781
0.101349 0.114188
0.106835 0.162398
0.118349 0.204603
0.129862 0.246809
0.117937 -0.0564886
0.134182 -0.0110569
0.142655 0.0370148
0.1551 0.0823394
0.160586 0.130549
0.177388 0.172242
0.188902 0.214447
0.156957 -0.0828118
0.173202 -0.0373801
0.189447 0.00805155
0.201892 0.0533762
0.214338 0.0987008
0.23114 0.140393
0.247942 0.182086
0.199528 -0.112419
0.218865 -0.0688347
0.235109 -0.0234031
0.250859 0.0214528
0.263305 0.0667774
0.282163 0.109691
0.298965 0.151383
0.242099 -0.142025
0.261435 -0.0984415
0.280772 -0.0548577
0.296522 -0.0100018
0.312271 0.0348541
0.33113 0.0777672
0.349989 0.12068
0.289466 -0.171015
0.308329 -0.127628
0.327666 -0.0840441
0.343736 -0.0388456
0.359486 0.00601027
0.377822 0.0507475
0.396681 0.0936606
0.336834 -0.200005
0.355697 -0.156618
0.374559 -0.113231
0.39063 -0.0680321
0.406701 -0.0228335
0.425037 0.0219037
0.443373 0.0666409
0.388966 -0.225281
0.405161 -0.180985
0.424023 -0.137598
0.438318 -0.091471
0.454388 -0.0462725
0.470141 0.000650811
0.488477 0.0453881
0.441097 -0.250557
0.457292 -0.206261
0.473487 -0.161965
0.487781 -0.115838
0.502076 -0.0697114
0.517828 -0.0227881
0.533581 0.0241352
0.496593 -0.269763
0.509092 -0.223909
0.525287 -0.179613
0.536714 -0.132114
0.551009 -0.0859871
0.563071 -0.037076
0.578823 0.00984731
0.552089 -0.288969
0.564588 -0.243115
0.577088 -0.197261
0.588515 -0.149762
0.599942 -0.102263
0.612004 -0.0533517
0.624066 -0.00444054
0.608306 -0.301362
0.61722 -0.25383
0.629719 -0.207976
0.638267 -0.159162
0.649694 -0.111663
0.658357 -0.0616609
0.670419 -0.0127498
0.664524 -0.313755
0.673437 -0.266223
0.68235 -0.218691
0.690898 -0.169877
0.699446 -0.121063
0.708109 -0.0710608
0.716772 -0.021059
0.718937 -0.32111
0.725327 -0.272196
0.734241 -0.224664
0.740829 -0.17504
0.749377 -0.126226
0.756021 -0.076018
0.764685 -0.0260163
0.77335 -0.328465
0.779741 -0.279551
0.786131 -0.230636
0.79272 -0.181013
0.799308 -0.131389
0.805953 -0.081181
0.812597 -0.0309735
0.8249 -0.333716
0.8302 -0.284269
0.836591 -0.235355
0.842457 -0.185635
0.849045 -0.136011
0.855175 -0.086097
0.861819 -0.0358895
0.876449 -0.338967
0.88175 -0.28952
0.88705 -0.240074
0.892916 -0.190354
0.898782 -0.140633
0.904911 -0.0907194
0.911041 -0.0408055
