0.000833333 0.000416667 0 0 0.000416667 0 0 0 0 0 0 0 0 0 0 0 0 0 0 0 0 0 0 0 0 0 0 0 0 0 0 0 0 0 0 0 0 0 0 0 
0.000416667 0.0025 0.000416667 0 0.000833333 0.000833333 0 0 0 0 0 0 0 0 0 0 0 0 0 0 0 0 0 0 0 0 0 0 0 0 0 0 0 0 0 0 0 0 0 0 
0 0.000416667 0.0025 0.000416667 0 0.000833333 0.000833333 0 0 0 0 0 0 0 0 0 0 0 0 0 0 0 0 0 0 0 0 0 0 0 0 0 0 0 0 0 0 0 0 0 
0 0 0.000416667 0.00166667 0 0 0.000833333 0.000416667 0 0 0 0 0 0 0 0 0 0 0 0 0 0 0 0 0 0 0 0 0 0 0 0 0 0 0 0 0 0 0 0 
0.000416667 0.000833333 0 0 0.0025 0.000833333 0 0 0.000416667 0 0 0 0 0 0 0 0 0 0 0 0 0 0 0 0 0 0 0 0 0 0 0 0 0 0 0 0 0 0 0 
0 0.000833333 0.000833333 0 0.000833333 0.005 0.000833333 0 0.000833333 0.000833333 0 0 0 0 0 0 0 0 0 0 0 0 0 0 0 0 0 0 0 0 0 0 0 0 0 0 0 0 0 0 
0 0 0.000833333 0.000833333 0 0.000833333 0.005 0.000833333 0 0.000833333 0.000833333 0 0 0 0 0 0 0 0 0 0 0 0 0 0 0 0 0 0 0 0 0 0 0 0 0 0 0 0 0 
0 0 0 0.000416667 0 0 0.000833333 0.0025 0 0 0.000833333 0.000416667 0 0 0 0 0 0 0 0 0 0 0 0 0 0 0 0 0 0 0 0 0 0 0 0 0 0 0 0 
0 0 0 0 0.000416667 0.000833333 0 0 0.0025 0.000833333 0 0 0.000416667 0 0 0 0 0 0 0 0 0 0 0 0 0 0 0 0 0 0 0 0 0 0 0 0 0 0 0 
0 0 0 0 0 0.000833333 0.000833333 0 0.000833333 0.005 0.000833333 0 0.000833333 0.000833333 0 0 0 0 0 0 0 0 0 0 0 0 0 0 0 0 0 0 0 0 0 0 0 0 0 0 
0 0 0 0 0 0 0.000833333 0.000833333 0 0.000833333 0.005 0.000833333 0 0.000833333 0.000833333 0 0 0 0 0 0 0 0 0 0 0 0 0 0 0 0 0 0 0 0 0 0 0 0 0 
0 0 0 0 0 0 0 0.000416667 0 0 0.000833333 0.0025 0 0 0.000833333 0.000416667 0 0 0 0 0 0 0 0 0 0 0 0 0 0 0 0 0 0 0 0 0 0 0 0 
0 0 0 0 0 0 0 0 0.000416667 0.000833333 0 0 0.0025 0.000833333 0 0 0.000416667 0 0 0 0 0 0 0 0 0 0 0 0 0 0 0 0 0 0 0 0 0 0 0 
0 0 0 0 0 0 0 0 0 0.000833333 0.000833333 0 0.000833333 0.005 0.000833333 0 0.000833333 0.000833333 0 0 0 0 0 0 0 0 0 0 0 0 0 0 0 0 0 0 0 0 0 0 
0 0 0 0 0 0 0 0 0 0 0.000833333 0.000833333 0 0.000833333 0.005 0.000833333 0 0.000833333 0.000833333 0 0 0 0 0 0 0 0 0 0 0 0 0 0 0 0 0 0 0 0 0 
0 0 0 0 0 0 0 0 0 0 0 0.000416667 0 0 0.000833333 0.0025 0 0 0.000833333 0.000416667 0 0 0 0 0 0 0 0 0 0 0 0 0 0 0 0 0 0 0 0 
0 0 0 0 0 0 0 0 0 0 0 0 0.000416667 0.000833333 0 0 0.0025 0.000833333 0 0 0.000416667 0 0 0 0 0 0 0 0 0 0 0 0 0 0 0 0 0 0 0 
0 0 0 0 0 0 0 0 0 0 0 0 0 0.000833333 0.000833333 0 0.000833333 0.005 0.000833333 0 0.000833333 0.000833333 0 0 0 0 0 0 0 0 0 0 0 0 0 0 0 0 0 0 
0 0 0 0 0 0 0 0 0 0 0 0 0 0 0.000833333 0.000833333 0 0.000833333 0.005 0.000833333 0 0.000833333 0.000833333 0 0 0 0 0 0 0 0 0 0 0 0 0 0 0 0 0 
0 0 0 0 0 0 0 0 0 0 0 0 0 0 0 0.000416667 0 0 0.000833333 0.0025 0 0 0.000833333 0.000416667 0 0 0 0 0 0 0 0 0 0 0 0 0 0 0 0 
0 0 0 0 0 0 0 0 0 0 0 0 0 0 0 0 0.000416667 0.000833333 0 0 0.0025 0.000833333 0 0 0.000416667 0 0 0 0 0 0 0 0 0 0 0 0 0 0 0 
0 0 0 0 0 0 0 0 0 0 0 0 0 0 0 0 0 0.000833333 0.000833333 0 0.000833333 0.005 0.000833333 0 0.000833333 0.000833333 0 0 0 0 0 0 0 0 0 0 0 0 0 0 
0 0 0 0 0 0 0 0 0 0 0 0 0 0 0 0 0 0 0.000833333 0.000833333 0 0.000833333 0.005 0.000833333 0 0.000833333 0.000833333 0 0 0 0 0 0 0 0 0 0 0 0 0 
0 0 0 0 0 0 0 0 0 0 0 0 0 0 0 0 0 0 0 0.000416667 0 0 0.000833333 0.0025 0 0 0.000833333 0.000416667 0 0 0 0 0 0 0 0 0 0 0 0 
0 0 0 0 0 0 0 0 0 0 0 0 0 0 0 0 0 0 0 0 0.000416667 0.000833333 0 0 0.0025 0.000833333 0 0 0.000416667 0 0 0 0 0 0 0 0 0 0 0 
0 0 0 0 0 0 0 0 0 0 0 0 0 0 0 0 0 0 0 0 0 0.000833333 0.000833333 0 0.000833333 0.005 0.000833333 0 0.000833333 0.000833333 0 0 0 0 0 0 0 0 0 0 
0 0 0 0 0 0 0 0 0 0 0 0 0 0 0 0 0 0 0 0 0 0 0.000833333 0.000833333 0 0.000833333 0.005 0.000833333 0 0.000833333 0.000833333 0 0 0 0 0 0 0 0 0 
0 0 0 0 0 0 0 0 0 0 0 0 0 0 0 0 0 0 0 0 0 0 0 0.000416667 0 0 0.000833333 0.0025 0 0 0.000833333 0.000416667 0 0 0 0 0 0 0 0 
0 0 0 0 0 0 0 0 0 0 0 0 0 0 0 0 0 0 0 0 0 0 0 0 0.000416667 0.000833333 0 0 0.0025 0.000833333 0 0 0.000416667 0 0 0 0 0 0 0 
0 0 0 0 0 0 0 0 0 0 0 0 0 0 0 0 0 0 0 0 0 0 0 0 0 0.000833333 0.000833333 0 0.000833333 0.005 0.000833333 0 0.000833334 0.000833334 0 0 0 0 0 0 
0 0 0 0 0 0 0 0 0 0 0 0 0 0 0 0 0 0 0 0 0 0 0 0 0 0 0.000833333 0.000833333 0 0.000833333 0.005 0.000833333 0 0.000833334 0.000833334 0 0 0 0 0 
0 0 0 0 0 0 0 0 0 0 0 0 0 0 0 0 0 0 0 0 0 0 0 0 0 0 0 0.000416667 0 0 0.000833333 0.0025 0 0 0.000833334 0.000416667 0 0 0 0 
0 0 0 0 0 0 0 0 0 0 0 0 0 0 0 0 0 0 0 0 0 0 0 0 0 0 0 0 0.000416667 0.000833334 0 0 0.0025 0.000833334 0 0 0.000416667 0 0 0 
0 0 0 0 0 0 0 0 0 0 0 0 0 0 0 0 0 0 0 0 0 0 0 0 0 0 0 0 0 0.000833334 0.000833334 0 0.000833334 0.005 0.000833334 0 0.000833334 0.000833334 0 0 
0 0 0 0 0 0 0 0 0 0 0 0 0 0 0 0 0 0 0 0 0 0 0 0 0 0 0 0 0 0 0.000833334 0.000833334 0 0.000833334 0.005 0.000833334 0 0.000833334 0.000833334 0 
0 0 0 0 0 0 0 0 0 0 0 0 0 0 0 0 0 0 0 0 0 0 0 0 0 0 0 0 0 0 0 0.000416667 0 0 0.000833334 0.0025 0 0 0.000833334 0.000416667 
0 0 0 0 0 0 0 0 0 0 0 0 0 0 0 0 0 0 0 0 0 0 0 0 0 0 0 0 0 0 0 0 0.000416667 0.000833334 0 0 0.00166667 0.000416667 0 0 
0 0 0 0 0 0 0 0 0 0 0 0 0 0 0 0 0 0 0 0 0 0 0 0 0 0 0 0 0 0 0 0 0 0.000833334 0.000833334 0 0.000416667 0.0025 0.000416667 0 
0 0 0 0 0 0 0 0 0 0 0 0 0 0 0 0 0 0 0 0 0 0 0 0 0 0 0 0 0 0 0 0 0 0 0.000833334 0.000833334 0 0.000416667 0.0025 0.000416667 
0 0 0 0 0 0 0 0 0 0 0 0 0 0 0 0 0 0 0 0 0 0 0 0 0 0 0 0 0 0 0 0 0 0 0 0.000416667 0 0 0.000416667 0.000833334 
