0 0
0 0.05
0 0.1
0 0.15
0 0.2
0 0.25
0 0.3
0.0270946 -0.022003
0.0397253 0.0293908
0.0469588 0.0810967
0.0510929 0.131159
0.0553451 0.179699
0.0603705 0.226244
0.0729488 0.265982
0.0539448 -0.0473042
0.0773262 0.00272233
0.0920788 0.0536809
0.101684 0.103135
0.112233 0.149151
0.122625 0.194097
0.138554 0.234996
0.0963164 -0.0663118
0.118925 -0.0201783
0.136123 0.0278109
0.149966 0.0754703
0.163528 0.121595
0.177921 0.165835
0.19601 0.20754
0.139245 -0.0901039
0.161907 -0.0452387
0.180576 0.00124155
0.197035 0.0477814
0.212925 0.0935588
0.229928 0.137679
0.249979 0.179731
0.183576 -0.114997
0.20621 -0.071112
0.225759 -0.0257102
0.243551 0.0201097
0.260952 0.0654438
0.279436 0.109598
0.300494 0.152068
0.229092 -0.141054
0.251515 -0.0976057
0.271393 -0.0526842
0.289899 -0.00727319
0.308114 0.0379555
0.327419 0.0823218
0.349139 0.125366
0.276528 -0.166988
0.298128 -0.123715
0.317799 -0.0790753
0.336401 -0.0338491
0.354835 0.0113592
0.374243 0.0560283
0.395712 0.0998499
0.325343 -0.192551
0.345923 -0.149047
0.36504 -0.104343
0.38336 -0.0590825
0.401558 -0.0136788
0.420635 0.0314964
0.44152 0.0762516
0.375849 -0.216623
0.395046 -0.172765
0.413294 -0.127863
0.431004 -0.0823897
0.44865 -0.0366958
0.466924 0.00900539
0.486524 0.0547627
0.427542 -0.239015
0.445261 -0.194565
0.462471 -0.14926
0.479399 -0.103446
0.496279 -0.0573362
0.513551 -0.0110457
0.531671 0.0356215
0.480092 -0.259227
0.49633 -0.214177
0.512435 -0.168412
0.52847 -0.122198
0.544473 -0.075668
0.560598 -0.0287857
0.577076 0.0186936
0.533134 -0.277323
0.547931 -0.231619
0.562942 -0.185381
0.57808 -0.138746
0.593164 -0.0917464
0.608123 -0.0443639
0.622953 0.00370147
0.58607 -0.293438
0.599711 -0.247121
0.613759 -0.200376
0.628032 -0.153288
0.642242 -0.105851
0.656138 -0.0579713
0.669569 -0.0094477
0.638781 -0.307748
0.651398 -0.260825
0.664621 -0.213628
0.678149 -0.166105
0.691598 -0.11825
0.704585 -0.070071
0.716787 -0.0213532
0.690533 -0.320779
0.702638 -0.273286
0.715308 -0.225619
0.728228 -0.177712
0.741077 -0.129527
0.753424 -0.0810288
0.764952 -0.0321866
0.741441 -0.332923
0.753237 -0.284994
0.765564 -0.236963
0.778062 -0.188697
0.790512 -0.140223
0.80245 -0.0915881
0.813555 -0.0427872
0.791201 -0.344901
0.803012 -0.296604
0.815158 -0.248233
0.827439 -0.199707
0.839675 -0.15103
0.851493 -0.102223
0.862685 -0.0534293
0.840122 -0.356857
0.851967 -0.308426
0.864044 -0.259935
0.87622 -0.211284
0.888384 -0.162461
0.900216 -0.113426
0.911562 -0.0645372
