0 0
0 0.05
0 0.1
0 0.15
0 0.2
0 0.25
0 0.3
0.0468246 -0.00303754
0.0487675 0.0476502
0.0487675 0.0976502
0.0505017 0.147664
0.0505017 0.197664
0.0535898 0.246424
0.0535898 0.296424
0.0936492 -0.00607507
0.0955921 0.0446127
0.0975349 0.0953004
0.0992692 0.145314
0.101003 0.195328
0.104091 0.244088
0.10718 0.292848
0.13934 -0.011097
0.144224 0.039444
0.146167 0.0901317
0.150591 0.139635
0.152325 0.189649
0.1577 0.238189
0.160788 0.286949
0.18503 -0.016119
0.189915 0.034422
0.1948 0.084963
0.199223 0.134466
0.203647 0.18397
0.209021 0.23251
0.214396 0.28105
0.231313 -0.0233027
0.238499 0.0267485
0.243383 0.0772895
0.249918 0.126595
0.254342 0.176098
0.261549 0.224635
0.266924 0.273176
0.277595 -0.0304864
0.284781 0.0195648
0.291967 0.0696161
0.298501 0.118922
0.305036 0.168227
0.312244 0.216764
0.319451 0.265301
0.324478 -0.0394144
0.333259 0.0102098
0.340445 0.060261
0.348555 0.109413
0.35509 0.158719
0.363713 0.207267
0.37092 0.255804
0.371361 -0.0483424
0.380142 0.00128178
0.388923 0.0509059
0.397033 0.100058
0.405143 0.14921
0.413766 0.197759
0.422389 0.246308
0.418784 -0.0584392
0.428582 -0.00915449
0.437363 0.0404697
0.446568 0.0894903
0.454679 0.138642
0.46428 0.187232
0.472903 0.235781
0.466208 -0.068536
0.476006 -0.0192513
0.485804 0.0300334
0.495009 0.079054
0.504214 0.128075
0.513815 0.176664
0.523416 0.225253
0.514131 -0.0792782
0.524496 -0.0302296
0.534294 0.0190551
0.544187 0.0679835
0.553392 0.117004
0.563577 0.165663
0.573178 0.214253
0.562053 -0.0900205
0.572419 -0.0409719
0.582784 0.00807678
0.592677 0.0570052
0.60257 0.105934
0.612754 0.154593
0.622939 0.203252
0.610402 -0.100999
0.621015 -0.0520848
0.63138 -0.00303619
0.641649 0.0458471
0.651542 0.0947756
0.662003 0.143519
0.672188 0.192178
0.65875 -0.111978
0.669364 -0.0630638
0.679977 -0.0141492
0.690246 0.0347341
0.700514 0.0836175
0.710975 0.132361
0.721436 0.181105
0.707411 -0.122907
0.718083 -0.0740375
0.728696 -0.0251229
0.73913 0.0237546
0.749399 0.0726379
0.759942 0.121462
0.770403 0.170206
0.756072 -0.133836
0.766744 -0.0849662
0.777415 -0.0360966
0.787849 0.0127809
0.798283 0.0616584
0.808826 0.110482
0.819369 0.159307
0.804894 -0.144567
0.815561 -0.0956729
0.826232 -0.0468033
0.836718 0.00209342
0.847152 0.0509709
0.857706 0.0998332
0.868249 0.148657
0.853716 -0.155299
0.864383 -0.106405
0.87505 -0.05751
0.885535 -0.00861327
0.896021 0.0402834
0.906575 0.0891457
0.917129 0.138008
