0 0
0 0.05
0 0.1
0 0.15
0 0.2
0 0.25
0 0.3
0.0447147 -0.00491709
0.0481555 0.0459512
0.0481555 0.0959512
0.0510967 0.145733
0.0510967 0.195733
0.0562843 0.243336
0.0562843 0.293336
0.0894295 -0.00983419
0.0928703 0.0410341
0.096311 0.0919024
0.0992522 0.141684
0.102193 0.191466
0.107381 0.239069
0.112569 0.286672
0.132454 -0.0181283
0.140779 0.0321688
0.14422 0.0830371
0.151593 0.131696
0.154534 0.181478
0.163406 0.228523
0.168594 0.276125
0.175479 -0.0264224
0.183803 0.0238747
0.192128 0.0741719
0.199502 0.12283
0.206875 0.171489
0.215747 0.218534
0.224619 0.265579
0.219226 -0.0382591
0.231256 0.0109673
0.239581 0.0612644
0.250379 0.109404
0.257753 0.158063
0.269535 0.204919
0.278407 0.251964
0.262973 -0.0500959
0.275004 -0.000869449
0.287034 0.048357
0.297832 0.0964967
0.30863 0.144636
0.320413 0.191492
0.332196 0.238348
0.307385 -0.0646097
0.321927 -0.0162732
0.333957 0.0329532
0.347295 0.0806587
0.358094 0.128798
0.372132 0.175473
0.383915 0.222329
0.351797 -0.0791235
0.366339 -0.030787
0.38088 0.0175495
0.394219 0.0652549
0.407557 0.11296
0.421595 0.159635
0.435634 0.206309
0.396754 -0.0954473
0.412904 -0.0478116
0.427445 0.000524822
0.442565 0.0478441
0.455903 0.0955496
0.471552 0.142096
0.485591 0.188771
0.441711 -0.111771
0.45786 -0.0641355
0.47401 -0.0164998
0.489129 0.0308195
0.504249 0.0781388
0.519898 0.124686
0.535547 0.171232
0.487182 -0.129249
0.504267 -0.0821053
0.520417 -0.0344696
0.536688 0.0125666
0.551808 0.0598859
0.568477 0.106407
0.584126 0.152954
0.532653 -0.146728
0.549738 -0.0995835
0.566823 -0.0524394
0.583095 -0.00540323
0.599366 0.041633
0.616036 0.088154
0.632705 0.134675
0.578626 -0.164781
0.596158 -0.117915
0.613243 -0.0707708
0.630176 -0.023888
0.646447 0.0231482
0.663653 0.0697429
0.680322 0.116264
0.624599 -0.182835
0.642131 -0.135969
0.659663 -0.0891022
0.676596 -0.0422194
0.693529 0.00466341
0.710734 0.0512581
0.727939 0.0978528
0.671018 -0.200962
0.688684 -0.154185
0.706216 -0.107319
0.723463 -0.0604761
0.740396 -0.0135933
0.757793 0.033137
0.774999 0.0797317
0.717437 -0.219089
0.735103 -0.172312
0.752768 -0.125535
0.770016 -0.0786927
0.787263 -0.0318499
0.804661 0.0148803
0.822058 0.0616106
0.764157 -0.236915
0.781837 -0.190087
0.799503 -0.14331
0.816858 -0.0964298
0.834105 -0.0495871
0.851536 -0.00276352
0.868934 0.0439667
0.810876 -0.25474
0.828557 -0.207912
0.846237 -0.161084
0.863592 -0.114204
0.880948 -0.0673242
0.898379 -0.0205007
0.91581 0.0263229
