0 0
0 0.05
0 0.1
0 0.15
0 0.2
0 0.25
0 0.3
0.0430182 -0.00770945
0.0485209 0.0424672
0.0485209 0.0924672
0.052806 0.141446
0.052806 0.191446
0.0607144 0.236822
0.0607144 0.286822
0.0860365 -0.0154189
0.0915392 0.0347577
0.0970419 0.0849343
0.101327 0.133913
0.105612 0.182891
0.11352 0.228268
0.121429 0.273644
0.127695 -0.0287386
0.140072 0.0198994
0.145574 0.0700761
0.156176 0.116777
0.160461 0.165755
0.173243 0.210086
0.181152 0.255462
0.169353 -0.0420583
0.18173 0.00657977
0.194107 0.0552178
0.204709 0.101918
0.215311 0.148619
0.228093 0.192949
0.240875 0.23728
0.211908 -0.0599757
0.229166 -0.0132403
0.241543 0.0353978
0.256816 0.0810269
0.267418 0.127727
0.283913 0.171581
0.296695 0.215912
0.254463 -0.0778931
0.271721 -0.0311577
0.288979 0.0155777
0.304253 0.0612068
0.319526 0.106836
0.336021 0.15069
0.352516 0.194544
0.297579 -0.0990999
0.318014 -0.053829
0.335272 -0.00709357
0.353909 0.0376656
0.369182 0.0832947
0.38853 0.126672
0.405025 0.170526
0.340694 -0.120307
0.361129 -0.0750358
0.381565 -0.0297649
0.400202 0.0149943
0.418839 0.0597534
0.438187 0.103131
0.457535 0.146508
0.384073 -0.143777
0.40653 -0.0996148
0.426966 -0.0543438
0.447922 -0.0103011
0.466559 0.0344581
0.487955 0.0774948
0.507303 0.120872
0.427452 -0.167247
0.44991 -0.123085
0.472367 -0.0789228
0.493323 -0.03488
0.51428 0.00916276
0.535675 0.0521994
0.557071 0.0952361
0.470983 -0.192296
0.494646 -0.148834
0.517103 -0.104672
0.539567 -0.0610472
0.560523 -0.0170044
0.583248 0.0259771
0.604643 0.0690137
0.514513 -0.217344
0.538176 -0.173883
0.56184 -0.130421
0.584303 -0.0867963
0.606766 -0.0431716
0.629491 -0.000190111
0.652216 0.0427914
0.558195 -0.243174
0.582462 -0.199968
0.606126 -0.156506
0.629482 -0.112973
0.651946 -0.0693484
0.675424 -0.0261609
0.698148 0.0168206
0.601876 -0.269004
0.626144 -0.225797
0.650412 -0.182591
0.673768 -0.139058
0.697125 -0.0955251
0.720603 -0.0523376
0.744081 -0.00915014
0.645671 -0.294823
0.670134 -0.251508
0.694402 -0.208302
0.718219 -0.164647
0.741576 -0.121114
0.765389 -0.0775835
0.788867 -0.034396
0.689466 -0.320643
0.713929 -0.277328
0.738391 -0.234013
0.762209 -0.190357
0.786027 -0.146702
0.80984 -0.103172
0.833653 -0.0596418
0.733273 -0.345726
0.757742 -0.302117
0.782205 -0.258802
0.806214 -0.21499
0.830032 -0.171335
0.85391 -0.127533
0.877723 -0.0840025
0.777079 -0.37081
0.801549 -0.327201
0.826018 -0.283592
0.850027 -0.23978
0.874036 -0.195967
0.897915 -0.152165
0.921793 -0.108363
