0 0
0 0.05
0 0.1
0 0.15
0 0.2
0 0.25
0 0.3
0.0464392 -0.00327096
0.0486254 0.0475003
0.0486254 0.0975003
0.0506032 0.147492
0.0506032 0.197492
0.0540534 0.246071
0.0540534 0.296071
0.0928783 -0.00654193
0.0950645 0.0442293
0.0972507 0.0950006
0.0992286 0.144992
0.101206 0.194983
0.104657 0.243562
0.108107 0.292141
0.138001 -0.0119954
0.143532 0.0385751
0.145718 0.0893463
0.150756 0.138718
0.152734 0.188709
0.158781 0.236981
0.162231 0.28556
0.183124 -0.0174488
0.188655 0.0331216
0.194186 0.083692
0.199223 0.133064
0.204261 0.182435
0.210308 0.230707
0.216356 0.278979
0.228816 -0.0254308
0.237009 0.0245445
0.242539 0.0751149
0.250015 0.124216
0.255053 0.173588
0.263224 0.221796
0.269272 0.270067
0.274507 -0.0334127
0.2827 0.0165626
0.290893 0.0665378
0.298369 0.115639
0.305845 0.164741
0.314016 0.212948
0.322187 0.261156
0.320771 -0.0434411
0.330857 0.00601209
0.33905 0.0559874
0.348392 0.104866
0.355868 0.153968
0.365726 0.202126
0.373897 0.250334
0.367035 -0.0534696
0.377121 -0.00401635
0.387207 0.0454369
0.396549 0.0943158
0.405891 0.143195
0.415749 0.191353
0.425607 0.239512
0.413789 -0.064923
0.425149 -0.0158992
0.435235 0.0335541
0.44593 0.0822336
0.455272 0.131113
0.466367 0.179248
0.476225 0.227407
0.460543 -0.0763764
0.471903 -0.0273526
0.483264 0.0216712
0.493958 0.0703508
0.504653 0.11903
0.515748 0.167166
0.526843 0.215302
0.507749 -0.0887541
0.519896 -0.0400534
0.531256 0.00897044
0.54286 0.0574952
0.553554 0.106175
0.565465 0.154326
0.57656 0.202462
0.554955 -0.101132
0.567102 -0.0524311
0.579249 -0.00373037
0.590852 0.0447943
0.602456 0.0933191
0.614366 0.14147
0.626277 0.189622
0.602584 -0.114017
0.615143 -0.0655288
0.62729 -0.0168281
0.639436 0.0316
0.651039 0.0801247
0.663398 0.128339
0.675308 0.17649
0.650212 -0.126902
0.662772 -0.0784137
0.675332 -0.0299258
0.687477 0.0185023
0.699622 0.0669304
0.711981 0.115144
0.724339 0.163358
0.698217 -0.139919
0.710928 -0.0915269
0.723487 -0.0430389
0.735896 0.00536101
0.748041 0.0537891
0.760566 0.102101
0.772925 0.150315
0.746222 -0.152935
0.758933 -0.104544
0.771643 -0.0561521
0.784051 -0.00775217
0.796459 0.0406478
0.808985 0.0889598
0.82151 0.137272
0.794492 -0.165774
0.807229 -0.117359
0.81994 -0.068967
0.832435 -0.020539
0.844843 0.027861
0.8574 0.076237
0.869925 0.124549
0.842762 -0.178612
0.855499 -0.130197
0.868236 -0.081782
0.880731 -0.0333539
0.893226 0.0150742
0.905783 0.0634502
0.91834 0.111826
