0 0
0 0.05
0 0.1
0 0.15
0 0.2
0 0.25
0 0.3
0.0427023 -0.00849227
0.0485055 0.0414791
0.0485055 0.0914792
0.0528264 0.140409
0.0528264 0.190409
0.0610651 0.235541
0.0610651 0.285542
0.0854046 -0.0169845
0.0912078 0.0329869
0.097011 0.0829583
0.101332 0.131888
0.105653 0.180819
0.113892 0.225951
0.12213 0.271083
0.126943 -0.0317402
0.139631 0.0166094
0.145434 0.0665808
0.156034 0.113236
0.160355 0.162167
0.173425 0.206348
0.181664 0.25148
0.168482 -0.0464958
0.181169 0.00185377
0.193856 0.0502034
0.204456 0.096859
0.215056 0.143515
0.228127 0.187696
0.241197 0.231876
0.211238 -0.0654788
0.228529 -0.0189239
0.241217 0.0294257
0.256324 0.0750957
0.266924 0.121751
0.28347 0.165625
0.296541 0.209806
0.253994 -0.0844618
0.271285 -0.0379069
0.288577 0.008648
0.303684 0.054318
0.318791 0.0999881
0.335338 0.143862
0.351884 0.187736
0.297624 -0.106026
0.317764 -0.060761
0.335055 -0.0142061
0.353323 0.030687
0.36843 0.076357
0.387552 0.119894
0.404098 0.163768
0.341254 -0.12759
0.361394 -0.0823254
0.381534 -0.0370602
0.399802 0.00783284
0.418069 0.0527259
0.437191 0.096263
0.456312 0.1398
0.385322 -0.150855
0.407239 -0.106517
0.427379 -0.0612521
0.447807 -0.0169807
0.466075 0.0279124
0.487018 0.0712186
0.50614 0.114756
0.42939 -0.17412
0.451307 -0.129782
0.473223 -0.085444
0.493652 -0.0411725
0.514081 0.00309894
0.535024 0.0464051
0.555967 0.0897112
0.473604 -0.198631
0.496597 -0.154865
0.518514 -0.110527
0.540355 -0.0666048
0.560783 -0.0223333
0.582916 0.0209753
0.603859 0.0642815
0.517818 -0.223142
0.540811 -0.179375
0.563804 -0.135609
0.585645 -0.0916874
0.607486 -0.0477655
0.629619 -0.00445693
0.651751 0.0388517
0.562076 -0.248316
0.585624 -0.204742
0.608616 -0.160976
0.631308 -0.117109
0.653149 -0.0731871
0.675962 -0.0296503
0.698094 0.0136583
0.606334 -0.27349
0.629881 -0.229916
0.653429 -0.186342
0.67612 -0.142475
0.698812 -0.0986086
0.721625 -0.0550719
0.744438 -0.0115351
0.650614 -0.298614
0.674342 -0.254902
0.69789 -0.211328
0.721034 -0.167329
0.743725 -0.123462
0.766832 -0.0795504
0.789645 -0.0360136
0.694895 -0.323737
0.718623 -0.280026
0.74235 -0.236315
0.765495 -0.192315
0.788639 -0.148316
0.811745 -0.104404
0.834852 -0.0604921
0.739138 -0.34808
0.762869 -0.304081
0.786596 -0.26037
0.809929 -0.216195
0.833073 -0.172195
0.856221 -0.127979
0.879328 -0.0840672
0.783381 -0.372423
0.807112 -0.328424
0.830842 -0.284426
0.854175 -0.24025
0.877507 -0.196075
0.900655 -0.151858
0.923804 -0.107642
