0 0
0 0.05
0 0.1
0 0.15
0 0.2
0 0.25
0 0.3
0.0390237 -0.0163237
0.0478926 0.0313259
0.0478926 0.0813259
0.0535201 0.129436
0.0535201 0.179436
0.0654688 0.221126
0.0654688 0.271126
0.0780474 -0.0326474
0.0869164 0.0150022
0.0957853 0.0626518
0.101413 0.110762
0.10704 0.158873
0.118989 0.200563
0.130938 0.242253
0.116766 -0.0610311
0.133489 -0.0161048
0.142358 0.0315448
0.155028 0.0766716
0.160656 0.124782
0.177909 0.166032
0.189858 0.207722
0.155485 -0.0894149
0.172208 -0.0444886
0.188931 0.000437763
0.201601 0.0455645
0.214271 0.0906913
0.231525 0.131942
0.248778 0.173192
0.198138 -0.120635
0.217741 -0.077505
0.234464 -0.0325786
0.250304 0.0121329
0.262974 0.0572596
0.282024 0.100064
0.299278 0.141314
0.240791 -0.151854
0.260394 -0.108725
0.279998 -0.065595
0.295837 -0.0208835
0.311677 0.023828
0.330727 0.0666322
0.349777 0.109436
0.288835 -0.181746
0.307527 -0.138568
0.327131 -0.0954383
0.342936 -0.0501574
0.358775 -0.00544593
0.376844 0.0395846
0.395894 0.0823888
0.33688 -0.211637
0.355572 -0.168459
0.374264 -0.125282
0.390069 -0.0800007
0.405874 -0.0347199
0.423942 0.0103106
0.44201 0.0553411
0.390199 -0.236694
0.405613 -0.192355
0.424305 -0.149177
0.437806 -0.102838
0.453611 -0.057557
0.468485 -0.0101371
0.486553 0.0348934
0.443518 -0.261751
0.458932 -0.217412
0.474347 -0.173072
0.487847 -0.126733
0.501347 -0.0803942
0.516221 -0.0329743
0.531096 0.0144456
0.500482 -0.27949
0.511531 -0.233564
0.526946 -0.189224
0.536914 -0.141579
0.550414 -0.0952398
0.560799 -0.045749
0.575674 0.00167088
0.557446 -0.29723
0.568495 -0.251303
0.579545 -0.205376
0.589513 -0.157731
0.599482 -0.110085
0.609867 -0.0605946
0.620252 -0.0111038
0.615109 -0.307081
0.62193 -0.25948
0.63298 -0.213553
0.639331 -0.164571
0.6493 -0.116926
0.655434 -0.0662515
0.665819 -0.0167607
0.672773 -0.316931
0.679594 -0.269331
0.686414 -0.221731
0.692766 -0.172748
0.699118 -0.123766
0.705252 -0.0730918
0.711386 -0.0224176
0.728131 -0.320956
0.73197 -0.271928
0.738791 -0.224327
0.742571 -0.174435
0.748923 -0.125452
0.752667 -0.0747552
0.758801 -0.024081
0.78349 -0.324981
0.787329 -0.275953
0.791168 -0.226924
0.794948 -0.177031
0.798728 -0.127139
0.802473 -0.0764418
0.806217 -0.0257444
0.835421 -0.327199
0.837989 -0.277592
0.841828 -0.228563
0.844678 -0.178564
0.848458 -0.128671
0.851765 -0.0784904
0.855509 -0.0277931
0.887352 -0.329417
0.88992 -0.27981
0.892488 -0.230203
0.895338 -0.180203
0.898188 -0.130204
0.901495 -0.0800227
0.904801 -0.0298417
