0 0
0 0.05
0 0.1
0 0.15
0 0.2
0 0.25
0 0.3
0.0472017 -0.00279386
0.048924 0.0478026
0.048924 0.0978026
0.0504386 0.147819
0.0504386 0.197819
0.0532034 0.246724
0.0532034 0.296724
0.0944034 -0.00558773
0.0961257 0.0450087
0.0978481 0.0956052
0.0993626 0.145622
0.100877 0.195639
0.103642 0.244544
0.106407 0.293449
0.140663 -0.0102007
0.144961 0.0402719
0.146683 0.0908684
0.150548 0.140453
0.152063 0.190469
0.156818 0.239217
0.159583 0.288122
0.186923 -0.0148136
0.191221 0.0356589
0.195518 0.0861315
0.199384 0.135716
0.203249 0.1853
0.208004 0.234048
0.212759 0.282796
0.233811 -0.0212698
0.240071 0.0288
0.244368 0.0792725
0.250041 0.128714
0.253906 0.178298
0.260201 0.227094
0.264956 0.275842
0.280699 -0.027726
0.286959 0.0223438
0.293218 0.0724136
0.29889 0.121855
0.304563 0.171297
0.310858 0.220093
0.317153 0.268889
0.328201 -0.0355717
0.335775 0.0141726
0.342035 0.0642424
0.349028 0.113589
0.3547 0.16303
0.362145 0.211889
0.368439 0.260685
0.375703 -0.0434174
0.383277 0.00632687
0.390851 0.0560712
0.397844 0.105417
0.404837 0.154764
0.412282 0.203622
0.419726 0.252481
0.423709 -0.0521122
0.432104 -0.00261137
0.439678 0.0471329
0.447579 0.0964033
0.454572 0.14575
0.462804 0.194677
0.470249 0.243536
0.471715 -0.060807
0.48011 -0.0113061
0.488505 0.0381947
0.496406 0.0874651
0.504308 0.136735
0.51254 0.185663
0.520771 0.23459
0.520127 -0.0699608
0.528989 -0.0206277
0.537383 0.0288732
0.545865 0.0780876
0.553766 0.127358
0.562487 0.17635
0.570719 0.225277
0.568539 -0.0791146
0.577401 -0.0297815
0.586262 0.0195516
0.594743 0.0687661
0.603224 0.117981
0.611945 0.166972
0.620666 0.215964
0.617267 -0.0884659
0.626355 -0.0392391
0.635217 0.010094
0.644032 0.0592704
0.652513 0.108485
0.661492 0.157537
0.670213 0.206529
0.665995 -0.0978172
0.675083 -0.0485904
0.684171 0.000636371
0.692986 0.0498128
0.701801 0.0989892
0.71078 0.148041
0.719759 0.197093
0.714956 -0.107182
0.724124 -0.0580089
0.733212 -0.00878215
0.742187 0.0403795
0.751002 0.0895559
0.760074 0.138667
0.769053 0.187719
0.763917 -0.116548
0.773085 -0.0673742
0.782253 -0.0182007
0.791228 0.030961
0.800203 0.0801226
0.809276 0.129234
0.818348 0.178345
0.813025 -0.125794
0.822205 -0.0766107
0.831373 -0.0274372
0.840401 0.021737
0.849376 0.0708987
0.858463 0.120046
0.867535 0.169157
0.862132 -0.135041
0.871313 -0.0858573
0.880493 -0.0366737
0.889521 0.0125005
0.898549 0.0616748
0.907636 0.110822
0.916723 0.159969
