0 0
0 0.05
0 0.1
0 0.15
0 0.2
0 0.25
0 0.3
0.037918 -0.0200138
0.0477283 0.0263548
0.0477283 0.0763548
0.0537166 0.12413
0.0537166 0.17413
0.0667461 0.214381
0.0667461 0.264381
0.0758361 -0.0400275
0.0856464 0.00634106
0.0954567 0.0527096
0.101445 0.100485
0.107433 0.14826
0.120463 0.188511
0.133492 0.228762
0.113825 -0.0745239
0.131528 -0.0310505
0.141338 0.015318
0.154326 0.0600028
0.160315 0.107778
0.178443 0.148097
0.191472 0.188348
0.151814 -0.10902
0.169517 -0.0655469
0.18722 -0.0220736
0.200208 0.0226111
0.213196 0.0672959
0.231324 0.107615
0.249452 0.147933
0.195208 -0.144478
0.214956 -0.102367
0.232659 -0.0588932
0.24815 -0.0143291
0.261138 0.0303556
0.280156 0.0731198
0.298284 0.113439
0.238602 -0.179936
0.25835 -0.137824
0.278098 -0.0957127
0.293589 -0.0511487
0.30908 -0.00658463
0.328098 0.0361796
0.347116 0.0789438
0.289299 -0.211224
0.306793 -0.16825
0.326541 -0.126138
0.340991 -0.0805895
0.356482 -0.0360255
0.373093 0.00987234
0.392111 0.0526366
0.339996 -0.242511
0.35749 -0.199538
0.374984 -0.156564
0.389434 -0.111015
0.403884 -0.0654663
0.420495 -0.0195685
0.437106 0.0263293
0.396713 -0.265544
0.409489 -0.220593
0.426983 -0.17762
0.438202 -0.130479
0.452652 -0.0849303
0.464556 -0.0360316
0.481167 0.00986621
0.453429 -0.288577
0.466205 -0.243626
0.478982 -0.198675
0.490201 -0.151535
0.50142 -0.104394
0.513324 -0.0554956
0.525227 -0.00659689
0.512659 -0.301024
0.519976 -0.253966
0.532753 -0.209015
0.540011 -0.160219
0.55123 -0.113078
0.557786 -0.0622953
0.569689 -0.0133966
0.571888 -0.313472
0.579206 -0.266413
0.586524 -0.219355
0.593782 -0.170558
0.601041 -0.121762
0.607596 -0.0709791
0.614151 -0.0201964
0.629549 -0.316646
0.632357 -0.267978
0.639674 -0.22092
0.643584 -0.171032
0.650842 -0.122236
0.653291 -0.0710067
0.659846 -0.020224
0.68721 -0.31982
0.690018 -0.271153
0.692825 -0.222485
0.696734 -0.172597
0.700644 -0.12271
0.703092 -0.0714806
0.705541 -0.0202516
0.741267 -0.317904
0.741566 -0.268269
0.744374 -0.219602
0.746302 -0.169297
0.750211 -0.119409
0.750757 -0.0685628
0.753206 -0.0173338
0.795325 -0.315987
0.795623 -0.266353
0.795922 -0.216718
0.797851 -0.166414
0.799779 -0.116109
0.800324 -0.0652626
0.80087 -0.014416
0.846381 -0.313948
0.846019 -0.264325
0.846318 -0.214691
0.847562 -0.164523
0.849491 -0.114218
0.84972 -0.0638626
0.850265 -0.0130161
0.897437 -0.31191
0.897075 -0.262287
0.896714 -0.212664
0.897958 -0.162496
0.899202 -0.112327
0.899431 -0.0619717
0.899661 -0.0116161
