0 0
0 0.05
0 0.1
0 0.15
0 0.2
0 0.25
0 0.3
0.0442075 -0.00545567
0.047968 0.0454199
0.047968 0.0954199
0.051126 0.145158
0.051126 0.195158
0.0567298 0.242534
0.0567298 0.292534
0.0884151 -0.0109113
0.0921755 0.0399642
0.095936 0.0908398
0.099094 0.140578
0.102252 0.190316
0.107856 0.237692
0.11346 0.285067
0.130861 -0.0200378
0.139829 0.0301669
0.14359 0.0810425
0.151462 0.129546
0.15462 0.179284
0.164133 0.226059
0.169737 0.273435
0.173306 -0.0291642
0.182275 0.0210405
0.191244 0.0712452
0.199116 0.119748
0.206989 0.168251
0.216501 0.215027
0.226014 0.261802
0.216577 -0.0419499
0.229406 0.00706327
0.238375 0.057268
0.249836 0.105197
0.257708 0.1537
0.270234 0.200281
0.279747 0.247056
0.259848 -0.0547357
0.272677 -0.00572247
0.285506 0.0432907
0.296967 0.0912199
0.308428 0.139149
0.320954 0.18573
0.333479 0.23231
0.303894 -0.0702235
0.319257 -0.022167
0.332086 0.0268461
0.34615 0.074317
0.357611 0.122246
0.372401 0.168666
0.384927 0.215246
0.347939 -0.0857114
0.363302 -0.0376549
0.378666 0.0104016
0.39273 0.0578725
0.406794 0.105343
0.421584 0.151763
0.436374 0.198182
0.392638 -0.102908
0.409554 -0.0555521
0.424918 -0.00749557
0.440763 0.0395957
0.454827 0.0870665
0.471183 0.133392
0.485973 0.179812
0.437338 -0.120105
0.454254 -0.0727489
0.471169 -0.0253927
0.487014 0.0216985
0.502859 0.0687897
0.519215 0.115115
0.535571 0.161441
0.482614 -0.138275
0.500394 -0.0913745
0.51731 -0.0440183
0.534289 0.00279896
0.550134 0.0498902
0.567471 0.0962001
0.583827 0.142526
0.52789 -0.156445
0.54567 -0.109544
0.56345 -0.062644
0.580429 -0.0158267
0.597408 0.0309906
0.614745 0.0773006
0.632082 0.123611
0.573655 -0.175066
0.591845 -0.128425
0.609625 -0.081525
0.627258 -0.0348712
0.644237 0.0119461
0.662099 0.058313
0.679436 0.104623
0.619419 -0.193687
0.637609 -0.147047
0.655799 -0.100406
0.673432 -0.0537523
0.691065 -0.00709849
0.708928 0.0392684
0.72679 0.0856353
0.665587 -0.212375
0.683911 -0.165832
0.702101 -0.119192
0.720054 -0.0725956
0.737687 -0.0259418
0.75575 0.0205424
0.773613 0.0669093
0.711755 -0.231062
0.73008 -0.18452
0.748404 -0.137977
0.766357 -0.0913813
0.78431 -0.0447851
0.802373 0.00169911
0.820436 0.0481834
0.758205 -0.249516
0.776555 -0.202938
0.794879 -0.156396
0.812944 -0.109772
0.830897 -0.0631763
0.848997 -0.0166024
0.86706 0.0298819
0.804654 -0.267969
0.823004 -0.221391
0.841354 -0.174814
0.859419 -0.128191
0.877484 -0.0815674
0.895584 -0.0349935
0.913685 0.0115804
