0 0
0 0.05
0 0.1
0 0.15
0 0.2
0 0.25
0 0.3
0.0476059 -0.00247481
0.0490973 0.0480337
0.0490973 0.0980337
0.0504017 0.148049
0.0504017 0.198049
0.0528214 0.247095
0.0528214 0.297095
0.0952118 -0.00494962
0.0967032 0.0455589
0.0981946 0.0960675
0.099499 0.146083
0.100803 0.196098
0.103223 0.245144
0.105643 0.294189
0.142042 -0.00902336
0.145753 0.0413925
0.147245 0.091901
0.150585 0.141552
0.151889 0.191568
0.156017 0.240502
0.158437 0.289547
0.188873 -0.0130971
0.192584 0.0373187
0.196295 0.0877346
0.199635 0.137386
0.202975 0.187037
0.207103 0.235971
0.211231 0.284905
0.236289 -0.0187167
0.241681 0.0313803
0.245392 0.0817961
0.250288 0.131345
0.253628 0.180996
0.259068 0.229998
0.263197 0.278932
0.283705 -0.0243362
0.289098 0.0257607
0.29449 0.0758576
0.299386 0.125407
0.304282 0.174956
0.309722 0.223958
0.315162 0.27296
0.331667 -0.0310998
0.338191 0.0187435
0.343584 0.0688404
0.349622 0.118324
0.354518 0.167873
0.360952 0.216941
0.366392 0.265943
0.37963 -0.0378634
0.386154 0.0119799
0.392678 0.0618232
0.398716 0.111307
0.404754 0.160791
0.411188 0.209858
0.417622 0.258926
0.428018 -0.0453722
0.435268 0.00426828
0.441792 0.0541116
0.448623 0.103536
0.454661 0.153019
0.461787 0.202151
0.468221 0.251218
0.476406 -0.0528809
0.483656 -0.00324047
0.490906 0.0464
0.497738 0.095824
0.504569 0.145248
0.511694 0.194379
0.518819 0.243511
0.525148 -0.0608441
0.532818 -0.0113483
0.540068 0.0382922
0.547403 0.087678
0.554234 0.137102
0.56178 0.186306
0.568905 0.235437
0.573891 -0.0688074
0.58156 -0.0193115
0.58923 0.0301843
0.596565 0.0795702
0.6039 0.128956
0.611446 0.17816
0.618991 0.227363
0.622926 -0.0769453
0.630787 -0.0275322
0.638457 0.0219636
0.646073 0.0713352
0.653408 0.120721
0.66116 0.169998
0.668706 0.219202
0.671961 -0.0850833
0.679823 -0.0356702
0.687684 0.0137429
0.6953 0.0631145
0.702916 0.112486
0.710668 0.161763
0.71842 0.21104
0.721204 -0.0931905
0.729119 -0.043808
0.73698 0.00560512
0.744724 0.0549798
0.75234 0.104351
0.760157 0.153692
0.767909 0.202969
0.770447 -0.101298
0.778362 -0.0519152
0.786277 -0.00253265
0.79402 0.0468421
0.801764 0.0962168
0.809581 0.145557
0.817397 0.194898
0.819797 -0.109267
0.827713 -0.0598677
0.835628 -0.0104851
0.843411 0.0389084
0.851154 0.0882831
0.858979 0.137656
0.866795 0.186996
0.869147 -0.117235
0.877063 -0.0678365
0.884978 -0.0184376
0.892762 0.0309559
0.900545 0.0803494
0.908369 0.129722
0.916193 0.179094
