0 0
0 0.05
0 0.1
0 0.15
0 0.2
0 0.25
0 0.3
0.0455261 -0.0039701
0.0483906 0.0469074
0.0483906 0.0969074
0.0509655 0.146776
0.0509655 0.196776
0.0553935 0.244797
0.0553935 0.294797
0.0910522 -0.00794019
0.0939167 0.0429373
0.0967812 0.0938149
0.0993561 0.143683
0.101931 0.193551
0.106359 0.241572
0.110787 0.289593
0.134954 -0.0146812
0.142134 0.0357964
0.144999 0.0866739
0.15152 0.135603
0.154095 0.185472
0.161835 0.232985
0.166263 0.281006
0.178855 -0.0214223
0.186036 0.0290554
0.193216 0.079533
0.199737 0.128462
0.206258 0.177392
0.213998 0.224905
0.221738 0.272419
0.223291 -0.0315153
0.233926 0.0180562
0.241106 0.0685338
0.250778 0.117007
0.257299 0.165936
0.26779 0.213242
0.275529 0.260756
0.267726 -0.0416084
0.278361 0.00796311
0.288996 0.0575346
0.298668 0.106008
0.30834 0.154481
0.31883 0.201787
0.329321 0.249093
0.31269 -0.0544676
0.325786 -0.005701
0.336421 0.0438705
0.348507 0.091951
0.358179 0.140424
0.370872 0.187545
0.381362 0.234851
0.357653 -0.0673269
0.370749 -0.0185602
0.383845 0.0302064
0.395932 0.0782869
0.408018 0.126367
0.420711 0.173488
0.433404 0.220608
0.403097 -0.0821256
0.417829 -0.0340155
0.430925 0.0147511
0.444755 0.0624812
0.456842 0.110562
0.471139 0.157563
0.483831 0.204683
0.44854 -0.0969244
0.463272 -0.0488143
0.478005 -0.000704204
0.491835 0.0470259
0.505666 0.0947561
0.519962 0.141757
0.534259 0.188758
0.494477 -0.11295
0.510192 -0.0653139
0.524925 -0.0172038
0.539912 0.0302663
0.553742 0.0779964
0.569073 0.12498
0.58337 0.171981
0.540414 -0.128976
0.556129 -0.0813398
0.571845 -0.0337035
0.586832 0.0137667
0.601819 0.0612368
0.61715 0.10822
0.632481 0.155204
0.586849 -0.145615
0.603056 -0.0982562
0.618771 -0.0506199
0.63444 -0.00329246
0.649427 0.0441777
0.66532 0.091233
0.68065 0.138216
0.633284 -0.162254
0.649491 -0.114895
0.665698 -0.0675363
0.681367 -0.0202089
0.697035 0.0271186
0.712927 0.0741739
0.72882 0.121229
0.680156 -0.179009
0.696533 -0.131756
0.71274 -0.084397
0.728743 -0.0371138
0.744411 0.0102136
0.760525 0.0573882
0.776418 0.104444
0.727029 -0.195763
0.743405 -0.148511
0.759782 -0.101258
0.775784 -0.0539746
0.791787 -0.00669139
0.807901 0.0404832
0.824016 0.0876579
0.774192 -0.212295
0.790602 -0.165011
0.806979 -0.117759
0.823097 -0.0704468
0.8391 -0.0231636
0.855255 0.0241055
0.871369 0.0712801
0.821355 -0.228826
0.837765 -0.181543
0.854176 -0.134259
0.870294 -0.0869476
0.886413 -0.0396358
0.902568 0.00763331
0.918723 0.0549024
