0 0
0 0.05
0 0.1
0 0.15
0 0.2
0 0.25
0 0.3
0.0434215 -0.00600502
0.0477106 0.0449114
0.0477106 0.0949114
0.0512802 0.144557
0.0512802 0.194557
0.0575459 0.241541
0.0575459 0.291541
0.086843 -0.01201
0.0911321 0.0389063
0.0954211 0.0898227
0.0989908 0.139468
0.10256 0.189113
0.108826 0.236098
0.115092 0.283082
0.128262 -0.0221304
0.138418 0.0279175
0.142707 0.0788339
0.151557 0.127009
0.155126 0.176654
0.165803 0.222861
0.172069 0.269845
0.16968 -0.0322508
0.179836 0.0177971
0.189992 0.067845
0.198842 0.11602
0.207692 0.164196
0.218369 0.210402
0.229046 0.256608
0.211874 -0.0465949
0.226355 0.00198193
0.236511 0.0520298
0.249371 0.0994709
0.258221 0.147646
0.272307 0.193524
0.282983 0.23973
0.254068 -0.060939
0.268549 -0.0123622
0.283029 0.0362147
0.295889 0.0836557
0.308749 0.131097
0.322835 0.176974
0.336921 0.222852
0.297029 -0.0784289
0.314297 -0.0310528
0.328777 0.0175241
0.344497 0.0643638
0.357357 0.111805
0.37395 0.157436
0.388036 0.203313
0.33999 -0.0959188
0.357258 -0.0485427
0.374526 -0.00116653
0.390245 0.0456732
0.405965 0.0925129
0.422558 0.138144
0.439151 0.183774
0.383704 -0.115403
0.402576 -0.0688862
0.419844 -0.02151
0.437424 0.0248761
0.453144 0.0717158
0.471357 0.11727
0.487951 0.162901
0.427418 -0.134887
0.44629 -0.0883704
0.465162 -0.0418536
0.482743 0.00453261
0.500323 0.0509188
0.518537 0.0964731
0.53675 0.142028
0.471941 -0.155351
0.491558 -0.1093
0.51043 -0.062783
0.529082 -0.016642
0.546663 0.0297441
0.565756 0.0753883
0.583969 0.120943
0.516464 -0.175816
0.536081 -0.129764
0.555697 -0.0837125
0.57435 -0.0375715
0.593002 0.00856947
0.612095 0.0542137
0.631188 0.0998579
0.561728 -0.196404
0.581552 -0.150501
0.601169 -0.10445
0.620348 -0.0584003
0.639 -0.0122593
0.658462 0.0335386
0.677555 0.0791828
0.606993 -0.216992
0.626817 -0.171089
0.64664 -0.125187
0.665819 -0.0791373
0.684998 -0.0330881
0.704461 0.0127098
0.723923 0.0585077
0.652756 -0.23725
0.672551 -0.191336
0.692374 -0.145433
0.711764 -0.0993981
0.730943 -0.0533489
0.750498 -0.00741511
0.769961 0.0383828
0.69852 -0.257509
0.718314 -0.211595
0.738108 -0.16568
0.757498 -0.119645
0.776888 -0.0736097
0.796443 -0.0276759
0.815998 0.0182578
0.744484 -0.277365
0.764237 -0.231374
0.784032 -0.18546
0.803488 -0.139398
0.822878 -0.0933632
0.842444 -0.0473698
0.861998 -0.00143602
0.790448 -0.297221
0.810202 -0.25123
0.829955 -0.205239
0.849412 -0.159178
0.868869 -0.113117
0.888434 -0.0671233
0.907999 -0.0211299
