0 0
0 0.05
0 0.1
0 0.15
0 0.2
0 0.25
0 0.3
0.043555 -0.0059218
0.0483491 0.0447365
0.0483491 0.0947365
0.0524009 0.143959
0.0524009 0.193959
0.0594214 0.24009
0.0594214 0.29009
0.08711 -0.0118436
0.091904 0.0388147
0.0966981 0.0894731
0.10075 0.138695
0.104802 0.187918
0.111822 0.234049
0.118843 0.28018
0.128757 -0.0223318
0.140217 0.0270525
0.145011 0.0777108
0.155158 0.124862
0.15921 0.174084
0.171101 0.219056
0.178121 0.265187
0.170404 -0.0328201
0.181864 0.0165643
0.193324 0.0659486
0.203471 0.113099
0.213618 0.16025
0.225509 0.205222
0.2374 0.250194
0.212379 -0.0484663
0.229034 -0.000979251
0.240494 0.0484051
0.255437 0.0944365
0.265584 0.141587
0.28152 0.185861
0.293411 0.230833
0.254353 -0.0641125
0.271008 -0.0166255
0.287664 0.0308616
0.302607 0.076893
0.31755 0.122924
0.333486 0.167198
0.349422 0.211471
0.296382 -0.0839428
0.316698 -0.0381109
0.333353 0.00937617
0.351949 0.0544371
0.366892 0.100469
0.386104 0.144066
0.40204 0.188339
0.33841 -0.103773
0.358727 -0.0579412
0.379043 -0.0121092
0.397639 0.0329517
0.416234 0.0780126
0.435446 0.12161
0.454658 0.165207
0.380415 -0.126629
0.40316 -0.0820998
0.423477 -0.0362679
0.444713 0.00796918
0.463308 0.0530301
0.484961 0.0961209
0.504174 0.139718
0.422419 -0.149484
0.445165 -0.104955
0.46791 -0.0604265
0.489146 -0.0161895
0.510382 0.0280476
0.532036 0.0711384
0.553689 0.114229
0.46453 -0.174267
0.488762 -0.130633
0.511508 -0.0861036
0.534531 -0.0424697
0.555767 0.00176736
0.579085 0.0445822
0.600738 0.087673
0.506641 -0.199049
0.530873 -0.155415
0.555106 -0.111781
0.578129 -0.0681468
0.601151 -0.0245129
0.624469 0.018302
0.647787 0.0611168
0.548961 -0.224926
0.573991 -0.181813
0.598224 -0.138179
0.622344 -0.0948999
0.645366 -0.051266
0.669668 -0.00846674
0.692986 0.0343481
0.591282 -0.250803
0.616312 -0.207691
0.641341 -0.164578
0.665461 -0.121298
0.689581 -0.078019
0.713883 -0.0352198
0.738185 0.00757941
0.633923 -0.277068
0.659269 -0.234108
0.684298 -0.190995
0.708995 -0.147794
0.733115 -0.104515
0.757851 -0.0614628
0.782153 -0.0186635
0.676564 -0.303332
0.701909 -0.260373
0.727255 -0.217413
0.751952 -0.174212
0.776649 -0.131011
0.801385 -0.0879586
0.82612 -0.0449065
0.719579 -0.329161
0.745005 -0.286052
0.77035 -0.243093
0.795277 -0.199774
0.819974 -0.156573
0.844812 -0.113273
0.869548 -0.0702207
0.762595 -0.354989
0.78802 -0.311881
0.813445 -0.268773
0.838372 -0.225454
0.863299 -0.182135
0.888137 -0.138835
0.912976 -0.095535
