0 0
0 0.05
0 0.1
0 0.15
0 0.2
0 0.25
0 0.3
0.0404901 -0.0126723
0.0480325 0.036235
0.0480325 0.086235
0.0530549 0.134789
0.0530549 0.184789
0.0633561 0.228216
0.0633561 0.278216
0.0809802 -0.0253447
0.0885226 0.0235627
0.096065 0.07247
0.101087 0.121024
0.10611 0.169577
0.116411 0.213004
0.126712 0.256431
0.120779 -0.0473141
0.135855 -0.000726745
0.143397 0.0481806
0.155181 0.094036
0.160203 0.14259
0.175684 0.18523
0.185985 0.228658
0.160578 -0.0692836
0.175654 -0.0226962
0.190729 0.0238912
0.202513 0.0697466
0.214297 0.115602
0.229777 0.158243
0.245258 0.200884
0.203113 -0.0951053
0.221903 -0.0504667
0.236979 -0.00387928
0.252626 0.041256
0.26441 0.0871113
0.282428 0.130413
0.297909 0.173054
0.245648 -0.120927
0.264438 -0.0762884
0.283228 -0.0316497
0.298876 0.0134855
0.314523 0.0586207
0.332541 0.101923
0.35056 0.145224
0.291513 -0.147318
0.31108 -0.103176
0.32987 -0.0585369
0.347076 -0.0133402
0.362723 0.0317951
0.381361 0.0762245
0.399379 0.119526
0.337379 -0.173708
0.356946 -0.129566
0.376512 -0.0854241
0.393718 -0.0402273
0.410923 0.00496944
0.429561 0.0493989
0.448198 0.0938283
0.386258 -0.198042
0.404906 -0.153426
0.424472 -0.109284
0.44171 -0.0636339
0.458915 -0.0184371
0.476832 0.0272318
0.495469 0.0716612
0.435137 -0.222375
0.453784 -0.177759
0.472432 -0.133144
0.48967 -0.0874936
0.506907 -0.0418437
0.524824 0.00382523
0.54274 0.0494942
0.485955 -0.243398
0.503074 -0.197895
0.521722 -0.153279
0.538223 -0.106944
0.55546 -0.0612942
0.571992 -0.01449
0.589909 0.031179
0.536774 -0.264421
0.553893 -0.218918
0.571012 -0.173415
0.587513 -0.12708
0.604014 -0.0807447
0.620545 -0.0339405
0.637077 0.0128638
0.588136 -0.282079
0.603877 -0.235593
0.620996 -0.19009
0.636616 -0.142985
0.653116 -0.0966498
0.668356 -0.0490673
0.684888 -0.00226312
0.639498 -0.299738
0.655239 -0.253252
0.670979 -0.206765
0.686599 -0.15966
0.702219 -0.112555
0.717459 -0.0649725
0.732699 -0.01739
0.690009 -0.315222
0.704904 -0.267898
0.720645 -0.221412
0.735659 -0.173689
0.751279 -0.126584
0.765808 -0.0786221
0.781048 -0.0310396
0.740521 -0.330706
0.755415 -0.283382
0.77031 -0.236059
0.785324 -0.188336
0.800338 -0.140612
0.814868 -0.0926508
0.829397 -0.0446891
0.789473 -0.345387
0.803973 -0.297603
0.818868 -0.250279
0.833656 -0.20229
0.84867 -0.154567
0.862979 -0.106527
0.877508 -0.0585652
0.838425 -0.360067
0.852925 -0.312284
0.867425 -0.2645
0.882213 -0.21651
0.897001 -0.168521
0.91131 -0.120481
0.925619 -0.0724413
