0 0
0 0.05
0 0.1
0 0.15
0 0.2
0 0.25
0 0.3
0.0410825 -0.0114311
0.0481758 0.0377851
0.0481758 0.0877851
0.0531361 0.136342
0.0531361 0.186342
0.0630343 0.230114
0.0630343 0.280114
0.0821651 -0.0228623
0.0892583 0.026354
0.0963515 0.0755702
0.101312 0.124127
0.106272 0.172684
0.11617 0.216456
0.126069 0.260228
0.122438 -0.0427981
0.13691 0.00429081
0.144003 0.0535071
0.155707 0.0994564
0.160668 0.148013
0.175625 0.191063
0.185523 0.234835
0.16271 -0.0627339
0.177182 -0.015645
0.191655 0.0314439
0.203359 0.0773933
0.215063 0.123343
0.23002 0.166392
0.244977 0.209442
0.205301 -0.0864384
0.223684 -0.0411251
0.238156 0.0059638
0.253953 0.0511704
0.265658 0.0971198
0.283408 0.140586
0.298365 0.183636
0.247892 -0.110143
0.266275 -0.0648296
0.284658 -0.0195163
0.300455 0.0256903
0.316252 0.070897
0.334002 0.114363
0.351753 0.157829
0.293039 -0.134634
0.312798 -0.0900552
0.331181 -0.0447419
0.349061 0.000195191
0.364858 0.0454018
0.383809 0.0894998
0.40156 0.132966
0.338187 -0.159125
0.357945 -0.114546
0.377703 -0.0699675
0.395583 -0.0250304
0.413463 0.0199067
0.432415 0.0640047
0.451366 0.108103
0.385502 -0.182708
0.405279 -0.138126
0.425038 -0.093547
0.443689 -0.0484867
0.461569 -0.00354964
0.480646 0.0413194
0.499598 0.0854174
0.432816 -0.206292
0.452594 -0.161709
0.472372 -0.117126
0.491023 -0.0720662
0.509674 -0.027006
0.528752 0.0178631
0.547829 0.0627321
0.481429 -0.228172
0.50073 -0.183166
0.520507 -0.138583
0.539251 -0.0931514
0.557903 -0.0480911
0.576636 -0.00255502
0.595713 0.042314
0.530041 -0.250052
0.549342 -0.205046
0.568643 -0.16004
0.587387 -0.114608
0.606131 -0.0691763
0.624864 -0.0236402
0.643597 0.0218959
0.578834 -0.270417
0.597692 -0.224896
0.616993 -0.17989
0.635612 -0.134031
0.654356 -0.0885993
0.672733 -0.0425855
0.691466 0.00295062
0.627628 -0.290782
0.646485 -0.245261
0.665343 -0.19974
0.683962 -0.153881
0.702581 -0.108022
0.720958 -0.0620085
0.739336 -0.0159947
0.675813 -0.310213
0.694415 -0.2642
0.713273 -0.218679
0.731797 -0.172422
0.750416 -0.126563
0.768617 -0.0801996
0.786995 -0.0341857
0.723999 -0.329643
0.742601 -0.283631
0.761203 -0.237618
0.779727 -0.191361
0.798251 -0.145105
0.816452 -0.0987407
0.834653 -0.0523768
0.771195 -0.348541
0.789639 -0.302175
0.808241 -0.256162
0.826746 -0.209688
0.84527 -0.163431
0.863378 -0.116864
0.881579 -0.0705006
0.818391 -0.367439
0.836835 -0.321072
0.855279 -0.274706
0.873784 -0.228231
0.892288 -0.181757
0.910396 -0.135191
0.928505 -0.0886244
