0 0
0 0.05
0 0.1
0 0.15
0 0.2
0 0.25
0 0.3
0.0474051 -0.00265811
0.0490161 0.0478897
0.0490161 0.0978897
0.0504234 0.147905
0.0504234 0.197905
0.0530207 0.246877
0.0530207 0.296877
0.0948102 -0.00531622
0.0964212 0.0452316
0.0980322 0.0957794
0.0994395 0.145795
0.100847 0.195811
0.103444 0.244783
0.106041 0.293755
0.141367 -0.00968568
0.145369 0.0407566
0.14698 0.0913044
0.150577 0.140924
0.151984 0.19094
0.15642 0.239788
0.159018 0.28876
0.187923 -0.0140551
0.191926 0.0363872
0.195928 0.0868295
0.199525 0.136449
0.203121 0.186069
0.207558 0.234917
0.211994 0.283765
0.235091 -0.0200962
0.240904 0.029989
0.244906 0.0804313
0.250173 0.129937
0.25377 0.179557
0.259617 0.228471
0.264053 0.277319
0.282258 -0.0261373
0.288071 0.0239479
0.293884 0.0740331
0.299151 0.123539
0.304418 0.173044
0.310265 0.221959
0.316112 0.270873
0.330008 -0.0334297
0.33703 0.0163722
0.342843 0.0664574
0.349328 0.11589
0.354595 0.165396
0.361505 0.214378
0.367352 0.263292
0.377758 -0.0407221
0.38478 0.00907981
0.391802 0.0588818
0.398287 0.108315
0.404772 0.157748
0.411682 0.206729
0.418591 0.255711
0.425974 -0.0487885
0.433756 0.000797894
0.440778 0.0505998
0.448107 0.0999642
0.454592 0.149397
0.462239 0.198439
0.469148 0.247421
0.47419 -0.0568548
0.481972 -0.00726842
0.489754 0.0423179
0.497084 0.0916823
0.504413 0.141047
0.512059 0.190089
0.519705 0.239131
0.522778 -0.065354
0.531003 -0.0159251
0.538785 0.0336612
0.546659 0.0829696
0.553989 0.132334
0.562091 0.181437
0.569738 0.230479
0.571367 -0.0738533
0.579591 -0.0244244
0.587816 0.0250046
0.59569 0.0743129
0.603565 0.123621
0.611667 0.172724
0.61977 0.221827
0.62025 -0.0825546
0.628695 -0.0332259
0.63692 0.016203
0.645109 0.0654802
0.652983 0.114789
0.661322 0.163956
0.669424 0.213058
0.669133 -0.0912559
0.677579 -0.0419272
0.686024 0.00740145
0.694213 0.0566787
0.702402 0.105956
0.71074 0.155123
0.719079 0.20429
0.718237 -0.0999728
0.726758 -0.0506877
0.735204 -0.00135899
0.743543 0.0479149
0.751732 0.0971921
0.760151 0.146423
0.76849 0.19559
0.767341 -0.10869
0.775862 -0.0594045
0.784383 -0.0101194
0.792723 0.0391545
0.801062 0.0884284
0.809481 0.137659
0.817901 0.186891
0.816575 -0.117281
0.825106 -0.0679817
0.833627 -0.0186966
0.842015 0.0305961
0.850354 0.07987
0.858786 0.129139
0.867205 0.17837
0.865809 -0.125872
0.87434 -0.0765731
0.882871 -0.0272738
0.891259 0.0220189
0.899647 0.0713116
0.908078 0.12058
0.91651 0.169849
