0 0
0 0.05
0 0.1
0 0.15
0 0.2
0 0.25
0 0.3
0.0451595 -0.00435743
0.0482815 0.0465303
0.0482815 0.0965303
0.0510351 0.146358
0.0510351 0.196358
0.055816 0.244185
0.055816 0.294185
0.090319 -0.00871486
0.093441 0.0421729
0.0965629 0.0930606
0.0993166 0.142888
0.10207 0.192716
0.106851 0.240543
0.111632 0.288369
0.133801 -0.0161035
0.141526 0.0342989
0.144648 0.0851866
0.151596 0.133972
0.15435 0.183799
0.162645 0.23107
0.167426 0.278896
0.177283 -0.0234921
0.185008 0.0269103
0.192732 0.0773126
0.199681 0.126098
0.206629 0.174883
0.214924 0.222153
0.223219 0.269423
0.221372 -0.0343982
0.23271 0.0149946
0.240434 0.0653969
0.25069 0.113674
0.257638 0.162459
0.268787 0.209512
0.277082 0.256782
0.265461 -0.0453043
0.276799 0.00408842
0.288137 0.0534812
0.298392 0.101758
0.308647 0.150034
0.319796 0.197088
0.330946 0.244141
0.310143 -0.0590221
0.323998 -0.0104963
0.335336 0.0388965
0.348083 0.0867568
0.358338 0.135033
0.371725 0.181908
0.382874 0.228961
0.354826 -0.0727399
0.368681 -0.024214
0.382535 0.0243118
0.395282 0.0721721
0.408029 0.120032
0.421416 0.166907
0.434803 0.213781
0.400035 -0.0883689
0.415521 -0.0405242
0.429376 0.00800162
0.443886 0.0555049
0.456632 0.103365
0.471622 0.150132
0.48501 0.197007
0.445244 -0.103998
0.46073 -0.0561533
0.476217 -0.00830857
0.490726 0.0391947
0.505236 0.0866981
0.520226 0.133465
0.535216 0.180232
0.490968 -0.120806
0.507408 -0.0734332
0.522895 -0.0255885
0.53855 0.0216611
0.55306 0.0691644
0.56907 0.115925
0.584059 0.162692
0.536693 -0.137614
0.553133 -0.0902411
0.569573 -0.0428685
0.585228 0.00438115
0.600883 0.0516308
0.616893 0.0983913
0.632903 0.145152
0.582915 -0.15499
0.599816 -0.107884
0.616256 -0.0605116
0.632573 -0.0133961
0.648228 0.0338535
0.664786 0.0806903
0.680795 0.127451
0.629138 -0.172367
0.646039 -0.125261
0.662939 -0.0781547
0.679256 -0.0310392
0.695573 0.0160762
0.71213 0.062913
0.728688 0.10975
0.675787 -0.189838
0.692834 -0.142823
0.709735 -0.0957168
0.726369 -0.0486375
0.742686 -0.00152208
0.759453 0.0454376
0.776011 0.0922744
0.722437 -0.207309
0.739484 -0.160294
0.756531 -0.113279
0.773165 -0.0661997
0.789798 -0.0191204
0.806566 0.0278393
0.823334 0.074799
0.769374 -0.224517
0.786441 -0.177451
0.803488 -0.130436
0.820234 -0.0833238
0.836868 -0.0362445
0.853675 0.010806
0.870443 0.0577657
0.816312 -0.241726
0.833379 -0.19466
0.850445 -0.147593
0.867191 -0.100481
0.883937 -0.0533686
0.900744 -0.00631809
0.917552 0.0407325
