0 0
0 0.05
0 0.1
0 0.15
0 0.2
0 0.25
0 0.3
0.0413706 -0.0109545
0.0482207 0.0384199
0.0482207 0.0884199
0.053088 0.137037
0.053088 0.187037
0.0627093 0.231037
0.0627093 0.281037
0.0827411 -0.021909
0.0895912 0.0274654
0.0964413 0.0768399
0.101309 0.125456
0.106176 0.174073
0.115797 0.218073
0.125419 0.262074
0.123251 -0.0408242
0.137394 0.00653521
0.144244 0.0559097
0.155825 0.101935
0.160692 0.150551
0.175319 0.193795
0.18494 0.237795
0.163762 -0.0597393
0.177905 -0.0123799
0.192047 0.0349795
0.203628 0.0810045
0.215208 0.12703
0.229835 0.170273
0.244462 0.213517
0.206392 -0.0824055
0.224602 -0.0368692
0.238744 0.0104901
0.254523 0.0557065
0.266103 0.101732
0.283606 0.145305
0.298233 0.188549
0.249023 -0.105072
0.267232 -0.0595355
0.285442 -0.0139992
0.30122 0.0312172
0.316998 0.0764335
0.334501 0.120007
0.352004 0.163581
0.293885 -0.128899
0.313768 -0.0841807
0.331977 -0.0386444
0.350047 0.00628341
0.365825 0.0514998
0.384779 0.0955669
0.402282 0.139141
0.338748 -0.152726
0.35863 -0.108008
0.378513 -0.0632896
0.396582 -0.0183618
0.414652 0.026566
0.433605 0.0706332
0.452559 0.1147
0.385424 -0.176073
0.40569 -0.131492
0.425572 -0.0867735
0.444698 -0.0418482
0.462767 0.00307961
0.482241 0.0476654
0.501195 0.0917326
0.4321 -0.19942
0.452366 -0.154839
0.472632 -0.110258
0.491757 -0.0653322
0.510882 -0.0204068
0.530356 0.024179
0.54983 0.0687648
0.479751 -0.221745
0.499925 -0.176973
0.520191 -0.132392
0.539715 -0.0872913
0.55884 -0.042366
0.578397 0.00264821
0.597871 0.047234
0.527402 -0.244069
0.547576 -0.199297
0.56775 -0.154526
0.587274 -0.109425
0.606798 -0.0643251
0.626355 -0.019311
0.645912 0.0257032
0.575141 -0.265561
0.595174 -0.220478
0.615347 -0.175706
0.635014 -0.130336
0.654538 -0.0852356
0.674068 -0.0398586
0.693625 0.0051556
0.622879 -0.287053
0.642912 -0.24197
0.662945 -0.196887
0.682612 -0.151517
0.702278 -0.106146
0.721808 -0.0607691
0.741338 -0.015392
0.670123 -0.308009
0.690061 -0.262556
0.710094 -0.217473
0.729834 -0.171803
0.749501 -0.126433
0.769019 -0.0807283
0.788549 -0.0353513
0.717366 -0.328966
0.737304 -0.283512
0.757242 -0.238059
0.776983 -0.192389
0.796723 -0.146719
0.816241 -0.101015
0.83576 -0.0553105
0.763856 -0.349356
0.783694 -0.303583
0.803632 -0.25813
0.82342 -0.212282
0.843161 -0.166612
0.862619 -0.120653
0.882137 -0.0749488
0.810347 -0.369747
0.830184 -0.323974
0.850021 -0.2782
0.86981 -0.232353
0.889598 -0.186505
0.909057 -0.140546
0.928515 -0.0945871
