0 0
0 0.05
0 0.1
0 0.15
0 0.2
0 0.25
0 0.3
0.0416576 -0.0104885
0.048257 0.0390417
0.048257 0.0890417
0.0529949 0.137736
0.0529949 0.187736
0.0622772 0.232012
0.0622772 0.282012
0.0833152 -0.0209771
0.0899146 0.0285531
0.096514 0.0780834
0.101252 0.126778
0.10599 0.175472
0.115272 0.219748
0.124554 0.264024
0.124062 -0.038899
0.137871 0.00869662
0.14447 0.0582269
0.155842 0.104366
0.16058 0.153061
0.174811 0.196525
0.184094 0.240801
0.16481 -0.0568208
0.178618 -0.00922525
0.192427 0.0383703
0.203798 0.0845098
0.215169 0.130649
0.229401 0.174113
0.243633 0.217577
0.207508 -0.0785779
0.225534 -0.0328482
0.239343 0.0147474
0.254993 0.0600349
0.266365 0.106174
0.283573 0.14986
0.297805 0.193325
0.250206 -0.100335
0.268232 -0.0546052
0.286259 -0.0088755
0.30191 0.0364119
0.31756 0.0816994
0.334768 0.125386
0.351976 0.169072
0.294838 -0.123607
0.31481 -0.078751
0.332837 -0.0330213
0.350982 0.0119436
0.366632 0.057231
0.385545 0.10127
0.402753 0.144956
0.33947 -0.14688
0.359442 -0.102023
0.379415 -0.057167
0.397559 -0.0122022
0.415704 0.0327626
0.434617 0.0768015
0.453529 0.12084
0.385534 -0.170081
0.406222 -0.125495
0.426194 -0.080639
0.445671 -0.0358086
0.463816 0.00915625
0.483627 0.0534676
0.50254 0.0975065
0.431599 -0.193282
0.452287 -0.148697
0.472974 -0.104111
0.492451 -0.0592806
0.511928 -0.0144501
0.531739 0.0298612
0.55155 0.0741726
0.478341 -0.216066
0.499264 -0.171502
0.519952 -0.126916
0.540115 -0.0820959
0.559592 -0.0372654
0.579842 0.00729516
0.599653 0.0516065
0.525083 -0.23885
0.546006 -0.194286
0.566929 -0.149722
0.587092 -0.104901
0.607255 -0.0600808
0.627505 -0.0155202
0.647756 0.0290404
0.571893 -0.261311
0.592901 -0.216615
0.613824 -0.17205
0.634347 -0.127096
0.65451 -0.0822751
0.674976 -0.0374372
0.695226 0.00712335
0.618703 -0.283772
0.639711 -0.239075
0.66072 -0.194379
0.681243 -0.149424
0.701766 -0.10447
0.722231 -0.0596316
0.742696 -0.0147937
0.66515 -0.305983
0.686163 -0.26101
0.707171 -0.216314
0.727894 -0.171137
0.748417 -0.126182
0.768968 -0.0809991
0.789433 -0.0361612
0.711596 -0.328195
0.732609 -0.283222
0.753622 -0.238249
0.774346 -0.193072
0.795069 -0.147894
0.81562 -0.102711
0.83617 -0.0575286
0.757502 -0.349775
0.778444 -0.304497
0.799457 -0.259525
0.820273 -0.21417
0.840997 -0.168992
0.861506 -0.123504
0.882056 -0.0783208
0.803408 -0.371355
0.82435 -0.326077
0.845292 -0.2808
0.866108 -0.235445
0.886924 -0.19009
0.907433 -0.144602
0.927942 -0.0991129
