0 0
0 0.05
0 0.1
0 0.15
0 0.2
0 0.25
0 0.3
0.0401844 -0.0133679
0.0479728 0.0353319
0.0479728 0.0853319
0.0530819 0.13382
0.0530819 0.18382
0.0637268 0.226927
0.0637268 0.276927
0.0803687 -0.0267358
0.0881571 0.021964
0.0959456 0.0706639
0.101055 0.119151
0.106164 0.167639
0.116809 0.210746
0.127454 0.253853
0.119935 -0.0499253
0.135309 -0.00363382
0.143097 0.045066
0.154991 0.0908085
0.1601 0.139296
0.175975 0.181659
0.186619 0.224766
0.159501 -0.0731148
0.174875 -0.0268233
0.190249 0.0194682
0.202143 0.0652107
0.214037 0.110953
0.229911 0.153316
0.245785 0.195679
0.202042 -0.100037
0.220966 -0.0557231
0.23634 -0.00943164
0.251923 0.035621
0.263817 0.0813635
0.282088 0.124507
0.297962 0.16687
0.244584 -0.12696
0.263507 -0.0826457
0.28243 -0.0383314
0.298013 0.00672122
0.313596 0.0517739
0.331868 0.0949173
0.350139 0.138061
0.290868 -0.154318
0.31023 -0.110453
0.329153 -0.0661392
0.345922 -0.0208939
0.361505 0.0241587
0.380014 0.0687267
0.398285 0.11187
0.337153 -0.181676
0.356514 -0.137812
0.375876 -0.093947
0.392645 -0.0487017
0.409414 -0.00345641
0.427923 0.0411115
0.446432 0.0856795
0.387011 -0.206532
0.404928 -0.161964
0.42429 -0.118099
0.440555 -0.0721059
0.457324 -0.0268606
0.474556 0.0192983
0.493065 0.0638663
0.43687 -0.231387
0.454787 -0.186819
0.472704 -0.142252
0.488969 -0.0962582
0.505234 -0.0502648
0.522466 -0.00410586
0.539699 0.0420531
0.489078 -0.25197
0.504807 -0.20622
0.522724 -0.161652
0.537657 -0.114747
0.553922 -0.0687538
0.569134 -0.0212455
0.586367 0.0249135
0.541287 -0.272553
0.557016 -0.226803
0.572744 -0.181053
0.587677 -0.134148
0.602611 -0.0872428
0.617823 -0.0397345
0.633035 0.00777386
0.594121 -0.2887
0.607839 -0.241737
0.623568 -0.195987
0.637076 -0.148184
0.652009 -0.101279
0.6653 -0.052851
0.680512 -0.00534272
0.646955 -0.304848
0.660673 -0.257884
0.674391 -0.210921
0.6879 -0.163118
0.701408 -0.115316
0.714699 -0.0668876
0.72799 -0.0184593
0.698804 -0.317805
0.711224 -0.269818
0.724942 -0.222855
0.737454 -0.174349
0.750962 -0.126546
0.763155 -0.0777662
0.776446 -0.0293379
0.750653 -0.330763
0.763073 -0.282775
0.775493 -0.234788
0.788004 -0.186283
0.800516 -0.137777
0.812709 -0.0889967
0.824902 -0.0402165
0.80055 -0.342684
0.812391 -0.294184
0.824811 -0.246197
0.836955 -0.197471
0.849467 -0.148966
0.861365 -0.100239
0.873558 -0.051459
0.850447 -0.354606
0.862288 -0.306106
0.874129 -0.257606
0.886274 -0.20888
0.898418 -0.160154
0.910316 -0.111428
0.922213 -0.0627015
