0 0
0 0.05
0 0.1
0 0.15
0 0.2
0 0.25
0 0.3
0.0398405 -0.0141058
0.0479518 0.0342945
0.0479518 0.0842945
0.0532381 0.132639
0.0532381 0.182639
0.0643301 0.225305
0.0643301 0.275305
0.0796809 -0.0282116
0.0877923 0.0201888
0.0959036 0.0685891
0.10119 0.116933
0.106476 0.165277
0.117568 0.207943
0.12866 0.25061
0.118996 -0.0528746
0.134757 -0.00697462
0.142868 0.0414257
0.155003 0.0869778
0.160289 0.135322
0.176637 0.177367
0.187729 0.220033
0.15831 -0.0775375
0.174071 -0.0316376
0.189833 0.0142623
0.201968 0.0598144
0.214103 0.105367
0.230451 0.147412
0.246799 0.189457
0.200874 -0.105705
0.219944 -0.0617108
0.235705 -0.0158108
0.251321 0.02915
0.263456 0.0747021
0.282047 0.117701
0.298394 0.159746
0.243438 -0.133873
0.262508 -0.0898785
0.281578 -0.045884
0.297194 -0.000923185
0.31281 0.0440376
0.3314 0.0870366
0.34999 0.130035
0.290223 -0.162063
0.3093 -0.11845
0.328369 -0.0744557
0.344738 -0.0292523
0.360354 0.0157086
0.378805 0.0603166
0.397395 0.103315
0.337007 -0.190252
0.356084 -0.14664
0.375161 -0.103027
0.391529 -0.0578239
0.407898 -0.0126205
0.426349 0.0319875
0.4448 0.0765955
0.387972 -0.215477
0.405014 -0.171044
0.424091 -0.127431
0.439326 -0.0813145
0.455695 -0.0361111
0.472212 0.0104637
0.490663 0.0550717
0.438937 -0.240701
0.455979 -0.196268
0.47302 -0.151835
0.488256 -0.105719
0.503492 -0.0596017
0.520009 -0.0130269
0.536526 0.0335479
0.492765 -0.260766
0.506866 -0.214887
0.523908 -0.170454
0.537076 -0.123114
0.552311 -0.0769971
0.566035 -0.0287638
0.582552 0.017811
0.546593 -0.280831
0.560694 -0.234952
0.574795 -0.189072
0.587963 -0.141732
0.601131 -0.0943925
0.614854 -0.0461592
0.628577 0.00207407
0.601074 -0.295301
0.612394 -0.247926
0.626496 -0.202046
0.637587 -0.153628
0.650755 -0.106288
0.661862 -0.0570484
0.675586 -0.00881509
0.655555 -0.30977
0.666875 -0.262395
0.678196 -0.215021
0.689287 -0.166602
0.700378 -0.118183
0.711486 -0.0689438
0.722594 -0.0197043
0.708714 -0.319984
0.718176 -0.271431
0.729496 -0.224056
0.739142 -0.174902
0.750234 -0.126483
0.759765 -0.0769142
0.770872 -0.0276747
0.761874 -0.330199
0.771335 -0.281645
0.780797 -0.233091
0.790443 -0.183937
0.800089 -0.134784
0.80962 -0.0852143
0.819151 -0.0356451
0.812701 -0.338869
0.821343 -0.289801
0.830805 -0.241247
0.839892 -0.191922
0.849538 -0.142768
0.858663 -0.0933835
0.868194 -0.0438143
0.863529 -0.34754
0.872171 -0.298471
0.880813 -0.249402
0.8899 -0.200078
0.898987 -0.150753
0.908112 -0.101368
0.917237 -0.0519834
