0 0
0 0.05
0 0.1
0 0.15
0 0.2
0 0.25
0 0.3
0.0369861 -0.0126839
0.0436126 0.0400199
0.0480193 0.0912856
0.0510722 0.141083
0.0541371 0.189888
0.057687 0.237368
0.0663727 0.280835
0.0727927 -0.0257089
0.0862636 0.0263851
0.0956213 0.0772964
0.102683 0.126437
0.110579 0.173296
0.118165 0.219317
0.128995 0.26336
0.114759 -0.0374199
0.130079 0.0124595
0.14244 0.0618482
0.153135 0.110017
0.163776 0.156849
0.174735 0.202385
0.187529 0.246728
0.156946 -0.0526335
0.174176 -0.00389449
0.189011 0.0444804
0.202543 0.0919095
0.215731 0.138335
0.2293 0.183589
0.244186 0.227776
0.199526 -0.069639
0.21839 -0.0220403
0.235298 0.0253389
0.251069 0.0720992
0.266472 0.118006
0.28215 0.162974
0.298844 0.206932
0.242211 -0.0886205
0.262538 -0.0418835
0.281174 0.00475115
0.298822 0.050886
0.316091 0.0963594
0.333564 0.140999
0.35191 0.184714
0.285317 -0.108809
0.306704 -0.0629033
0.326716 -0.017024
0.345874 0.0285265
0.36468 0.0735337
0.383648 0.117839
0.403315 0.161313
0.328422 -0.13034
0.350774 -0.0850897
0.371927 -0.0398155
0.392332 0.00521908
0.412417 0.0498399
0.432642 0.0938542
0.4535 0.137124
0.37171 -0.152829
0.394787 -0.108201
0.416847 -0.0634808
0.438243 -0.018886
0.459361 0.0253727
0.4806 0.069119
0.502379 0.112204
0.414948 -0.176334
0.438669 -0.132174
0.461471 -0.0878592
0.483679 -0.0436232
0.505637 0.000357323
0.527714 0.043907
0.550301 0.0868778
0.458356 -0.200502
0.482497 -0.156747
0.505854 -0.112785
0.528695 -0.0688239
0.551322 -0.025064
0.574048 0.0183386
0.597203 0.0612601
0.501749 -0.22532
0.526231 -0.18182
0.550022 -0.138069
0.57337 -0.0942962
0.596532 -0.0506689
0.61978 -0.00733412
0.643414 0.0355978
0.545336 -0.250408
0.569974 -0.207074
0.594061 -0.163487
0.617787 -0.119847
0.641356 -0.0763171
0.664989 -0.0330164
0.688914 0.00998315
0.588936 -0.275678
0.613694 -0.232409
0.637997 -0.188905
0.662015 -0.145353
0.685891 -0.101872
0.70981 -0.0585551
0.733963 -0.0154593
0.632562 -0.300982
0.657371 -0.257749
0.681826 -0.21429
0.70606 -0.170779
0.730165 -0.127311
0.754273 -0.0839398
0.778541 -0.0407187
0.676131 -0.326331
0.700966 -0.283052
0.725531 -0.239575
0.749934 -0.196055
0.77421 -0.152534
0.798458 -0.109078
0.822807 -0.0657162
0.719724 -0.351497
0.744529 -0.308141
0.769156 -0.264629
0.793665 -0.221063
0.818052 -0.177478
0.842402 -0.13393
0.86678 -0.0904162
0.763238 -0.376436
0.78803 -0.332956
0.812695 -0.289373
0.837278 -0.245733
0.861739 -0.202084
0.886148 -0.15848
0.91055 -0.11486
