0 0
0 0.05
0 0.1
0 0.15
0 0.2
0 0.25
0 0.3
0.0318023 -0.0177826
0.0415492 0.0345632
0.0473992 0.0860779
0.0509873 0.136002
0.0546514 0.184694
0.0589866 0.231731
0.0698021 0.273355
0.0630633 -0.0372031
0.0816533 0.0140801
0.0936827 0.0651325
0.101968 0.114468
0.111198 0.160947
0.12026 0.206509
0.133855 0.249124
0.105028 -0.0527926
0.124198 -0.00463065
0.13899 0.0442143
0.151215 0.0922416
0.163301 0.138828
0.176006 0.183862
0.191567 0.22712
0.147618 -0.0723975
0.167654 -0.0254657
0.184383 0.0221676
0.19932 0.0693198
0.213805 0.115588
0.229048 0.160493
0.246519 0.203919
0.191435 -0.093149
0.211985 -0.0472205
0.230077 -0.000593554
0.246765 0.0459016
0.263073 0.0917092
0.280026 0.136494
0.2987 0.180077
0.236042 -0.115084
0.256942 -0.0696638
0.275939 -0.0236182
0.29389 0.022348
0.311506 0.0678584
0.329678 0.11257
0.349287 0.156353
0.281672 -0.137171
0.302588 -0.0921629
0.322142 -0.0466093
0.340903 -0.00103182
0.359418 0.0442055
0.378346 0.0888757
0.39835 0.132898
0.327835 -0.159559
0.348716 -0.11471
0.368606 -0.0694208
0.387931 -0.0240982
0.407055 0.0210147
0.42648 0.0657143
0.446736 0.109958
0.374541 -0.181766
0.395291 -0.137016
0.415369 -0.0919084
0.435033 -0.0467431
0.454544 -0.00172148
0.474255 0.0430326
0.494535 0.0874992
0.421533 -0.203828
0.442159 -0.159052
0.462335 -0.114033
0.482229 -0.0689577
0.501991 -0.0239553
0.52187 0.0208526
0.542127 0.0654782
0.468566 -0.22567
0.489158 -0.180893
0.509416 -0.135918
0.529447 -0.0908776
0.549368 -0.045871
0.569354 -0.000973256
0.589577 0.0438002
0.515571 -0.247458
0.53615 -0.202642
0.556469 -0.157656
0.576609 -0.112585
0.596644 -0.067519
0.616699 -0.0225438
0.636881 0.0223528
0.562438 -0.269142
0.583054 -0.224253
0.603447 -0.179206
0.623672 -0.134088
0.643797 -0.0889683
0.663898 -0.0438847
0.684057 0.00114463
0.60913 -0.29071
0.629791 -0.245735
0.650264 -0.200622
0.670573 -0.155432
0.690776 -0.110223
0.710911 -0.0650337
0.731046 -0.0198814
0.655569 -0.312205
0.676291 -0.267149
0.696829 -0.22194
0.717224 -0.176645
0.737507 -0.131328
0.757686 -0.086009
0.777825 -0.0407073
0.701772 -0.333614
0.722535 -0.288436
0.743118 -0.243097
0.76359 -0.197688
0.783951 -0.152245
0.804175 -0.106784
0.824311 -0.0613193
0.747712 -0.354862
0.768494 -0.309539
0.789113 -0.264067
0.809644 -0.218527
0.830073 -0.172945
0.85036 -0.127328
0.870531 -0.0817006
0.793346 -0.375895
0.814139 -0.330394
0.834795 -0.284789
0.855382 -0.239126
0.87587 -0.193417
0.896219 -0.147664
0.916443 -0.101907
