0 0
0 0.05
0 0.1
0 0.15
0 0.2
0 0.25
0 0.3
0.0390119 -0.0103485
0.0443089 0.0424266
0.0480926 0.093624
0.0508952 0.14343
0.0536725 0.192348
0.0568531 0.240087
0.0644241 0.28448
0.0763952 -0.020511
0.0877001 0.0318548
0.0959198 0.08275
0.102411 0.131928
0.109638 0.179101
0.116526 0.22544
0.126014 0.27018
0.118256 -0.0304295
0.131852 0.0201184
0.143093 0.0697542
0.153016 0.118099
0.162906 0.165199
0.17301 0.211121
0.184524 0.256025
0.160138 -0.0437423
0.176058 0.00572371
0.18992 0.0544378
0.202643 0.10213
0.215072 0.148834
0.227792 0.194448
0.241533 0.239081
0.20209 -0.059193
0.220118 -0.0108702
0.236282 0.0369157
0.251338 0.0839767
0.266059 0.130162
0.281024 0.175409
0.296853 0.219654
0.243896 -0.0769571
0.263843 -0.0296069
0.282017 0.0174268
0.299111 0.0638646
0.315845 0.109572
0.332799 0.154411
0.350567 0.198287
0.285938 -0.0963642
0.307328 -0.0499885
0.327149 -0.00375333
0.345981 0.0420844
0.364451 0.0872891
0.383113 0.131709
0.402496 0.175213
0.327845 -0.11748
0.350521 -0.0718964
0.371743 -0.0263155
0.392053 0.0189494
0.412013 0.063702
0.432152 0.107756
0.452999 0.150947
0.369962 -0.13977
0.393554 -0.0949411
0.415889 -0.0500218
0.437412 -0.00528154
0.458608 0.0390385
0.479967 0.0827461
0.501959 0.125664
0.411972 -0.1633
0.436377 -0.119066
0.459636 -0.074655
0.482164 -0.0303652
0.504392 0.0136063
0.526775 0.057052
0.549787 0.0997737
0.45419 -0.187652
0.479117 -0.143932
0.503077 -0.0999824
0.526404 -0.0560594
0.549462 -0.0123861
0.572661 0.0308279
0.59641 0.0734064
0.496396 -0.212782
0.521761 -0.16942
0.546275 -0.12579
0.57024 -0.0821544
0.593973 -0.0387056
0.61784 0.00434918
0.64222 0.0468582
0.538829 -0.238332
0.564418 -0.195242
0.589321 -0.151874
0.613773 -0.108456
0.638033 -0.0651906
0.662409 -0.0222474
0.687197 0.0202627
0.581307 -0.264228
0.60707 -0.221278
0.632265 -0.178068
0.657093 -0.134817
0.681763 -0.0916721
0.706531 -0.0487874
0.731655 -0.00624499
0.623941 -0.290217
0.649764 -0.247375
0.67515 -0.204301
0.700246 -0.161169
0.725209 -0.118112
0.750253 -0.0752412
0.775565 -0.0326072
0.666611 -0.316319
0.692472 -0.27351
0.717987 -0.230499
0.743274 -0.187432
0.768442 -0.144391
0.793682 -0.101479
0.819139 -0.0587326
0.709392 -0.342352
0.735245 -0.299539
0.760842 -0.256544
0.786241 -0.213478
0.811532 -0.170423
0.836879 -0.127467
0.862364 -0.0846
0.752205 -0.368274
0.778073 -0.325346
0.803738 -0.282268
0.829224 -0.239145
0.85459 -0.196066
0.879979 -0.153122
0.905465 -0.110178
