0 0
0 0.1
0 0.2
0 0.3
0.08711 -0.0118436
0.0966981 0.0894731
0.104802 0.187918
0.118843 0.28018
0.170404 -0.0328201
0.193324 0.0659486
0.213618 0.16025
0.2374 0.250194
0.254353 -0.0641125
0.287664 0.0308616
0.31755 0.122924
0.349422 0.211471
0.33841 -0.103773
0.379043 -0.0121092
0.416234 0.0780126
0.454658 0.165207
0.422419 -0.149484
0.46791 -0.0604265
0.510382 0.0280476
0.553689 0.114229
0.506641 -0.199049
0.555106 -0.111781
0.601151 -0.0245129
0.647787 0.0611168
0.591282 -0.250803
0.641341 -0.164578
0.689581 -0.078019
0.738185 0.00757941
0.676564 -0.303332
0.727255 -0.217413
0.776649 -0.131011
0.82612 -0.0449065
0.762595 -0.354989
0.813445 -0.268773
0.863299 -0.182135
0.912976 -0.095535
